# 2017-02-28 19:03:39.626
#
# origin = GSFC Planetary Spectrum Generator, Villanueva et al.
#
       wave             fluxd
----------- -----------------
       1.66               0.0
1.660614815               0.0
1.661229857 3.21013114581e-09
1.661845128 9.12366591733e-09
1.662460626 6.45387482551e-06
1.663076352 8.58990241089e-13
1.663692306 5.31566513449e-09
1.664308489 1.35671075951e-09
1.664924899 2.36406404489e-08
1.665541538 2.61853174994e-05
1.666158405 4.98887092838e-06
1.666775501 4.69036645967e-07
1.667392825 1.13959370041e-08
1.668010378 1.11110502262e-08
 1.66862816 1.07342444023e-06
 1.66924617 2.83020840139e-09
1.669864409   9.508688009e-09
1.670482878 4.94344389047e-09
1.671101575 3.38866925438e-09
1.671720502 3.43758600573e-06
1.672339657 7.50841518015e-09
1.672959042  3.1344375559e-09
1.673578657 8.30236856211e-09
1.674198501 2.56327591611e-09
1.674818574 8.92933468654e-06
1.675438877 2.84598137842e-09
 1.67605941 5.75763603448e-09
1.676680173 3.22664125532e-09
1.677301166 4.02386571174e-09
1.677922388 8.38564193242e-06
1.678543841 7.85686086731e-09
1.679165524 5.33363637408e-09
1.679787437 5.43538479027e-09
1.680409581 1.37347704827e-09
1.681031955 5.04798467397e-06
1.681654559 8.07177410663e-09
1.682277394 5.92754443936e-08
 1.68290046 3.49665649138e-08
1.683523756 5.56419764197e-09
1.684147284 4.74226593954e-06
1.684771042 4.70796084888e-09
1.685395031 3.58307666165e-10
1.686019252 1.20745413323e-08
1.686643703 6.07880239643e-09
1.687268386 1.92800160456e-06
  1.6878933 2.90889007866e-09
1.688518446 1.24664761818e-08
1.689143823 2.01016950251e-09
1.689769432 5.28862964763e-09
1.690395272 5.27639013018e-10
1.691021345  8.4854079443e-07
1.691647649  1.9693154705e-09
1.692274185 6.21613741932e-10
1.692900953 2.66695089945e-09
1.693527954 1.78671725134e-10
1.694155186 9.68614169435e-08
1.694782651 1.74553504816e-09
1.695410348 1.47160722538e-09
1.696038278  3.1275653323e-10
 1.69666644  2.1574360695e-12
1.697294835 2.21795449673e-08
1.697923463 4.64443545797e-09
1.698552324 2.16054014258e-09
1.699181417 8.12848628571e-10
1.699810744 9.32010804169e-10
1.700440303 1.04026785242e-09
1.701070096 7.71096190308e-10
1.701700122 2.05694681355e-10
1.702330381 5.62555010239e-09
1.702960874 1.35408546833e-09
  1.7035916 4.42074754049e-10
 1.70422256 1.49302427345e-09
1.704853753 4.01674691911e-09
1.705485181 1.24580521081e-09
1.706116842 4.59237631147e-10
1.706748737  1.4148821858e-09
1.707380866 4.39246641985e-10
 1.70801323 9.86626362717e-10
1.708645827 2.80700218346e-10
1.709278659 1.29285800699e-08
1.709911725 1.49752882035e-09
1.710545026 2.53205125577e-09
1.711178561 2.41990562716e-09
1.711812331 1.70212933804e-10
1.712446335 5.97281366344e-10
1.713080575 1.74737692102e-09
1.713715049 1.74832429929e-09
1.714349758 1.22917085226e-09
1.714984703 1.51499454694e-09
1.715619882 2.12528530454e-09
1.716255297 6.38467514334e-09
1.716890947 2.50733015451e-09
1.717526832 8.61729806143e-10
1.718162954 4.95814677473e-09
 1.71879931 2.34069703105e-09
1.719435903 5.46332496907e-09
1.720072731 1.38999421964e-09
1.720709795 1.27817419052e-10
1.721347095 2.05066565257e-09
 1.72198463 2.29499349466e-08
1.722622403 2.37744806896e-08
1.723260411 3.32843161747e-09
1.723898655 4.34105900698e-09
1.724537136 4.66853954123e-09
1.725175854 1.37819238953e-10
1.725814808  6.3803132107e-09
1.726453999 5.47177063443e-09
1.727093426 2.70281616247e-09
 1.72773309 5.30885374172e-09
1.728372991 5.83188706525e-09
 1.72901313 1.46349356601e-09
1.729653505 6.05704750765e-09
1.730294117 4.27542174711e-09
1.730934967 2.60583687292e-09
1.731576054 2.05367534405e-09
1.732217378 1.07495308218e-08
 1.73285894 2.64490967598e-09
 1.73350074 9.66493980001e-10
1.734142777  9.6069447628e-09
1.734785052 1.40727731937e-09
1.735427565 2.05930874622e-09
1.736070316 3.83616307595e-08
1.736713305  3.1274974101e-08
1.737356532 4.01578640458e-09
1.737999998 2.69245119485e-08
1.738643702 2.44052593294e-09
1.739287644 1.00779633699e-09
1.739931824 1.50964625649e-08
1.740576243 2.39735297605e-07
1.741220901 1.38312238847e-07
1.741865798 6.62606643492e-08
1.742510933 6.98885979124e-09
1.743156308  3.9744056234e-10
1.743801921 9.91146298021e-09
1.744447774 7.51663993234e-07
1.745093866 1.59404902054e-07
1.745740197 1.28110328107e-07
1.746386767 2.05055390291e-07
1.747033577 2.06041811611e-07
1.747680627 7.06117405728e-08
1.748327916 2.77802171063e-10
1.748975444   4.793631078e-07
1.749623213 1.69031502545e-07
1.750271222 2.03806837729e-08
 1.75091947 4.12105953279e-08
1.751567959   1.425394562e-06
1.752216688 2.89393476416e-07
1.752865657 2.50050468675e-07
1.753514867 3.97268045026e-07
1.754164317 6.86645276786e-07
1.754814007 2.45276244764e-06
1.755463938 3.75120245632e-07
 1.75611411 4.21641427083e-08
1.756764523 1.24096040023e-07
1.757415176 9.11718050819e-07
1.758066071 1.76833807821e-06
1.758717206 4.00641236388e-07
1.759368583 4.81690640125e-09
1.760020201  6.2782324738e-10
 1.76067206 3.83381261557e-08
1.761324161 8.34520130524e-07
1.761976503 1.15376326098e-07
1.762629087 3.19951092267e-07
1.763281913 2.35989162743e-08
 1.76393498  4.9435032464e-09
1.764588289 1.22209881329e-07
1.765241841  1.0215176616e-06
1.765895634 1.55140709076e-08
1.766549669 1.39001653222e-08
1.767203947 1.81121335041e-06
1.767858467 6.26844552945e-07
1.768513229 8.23292435009e-07
1.769168234 7.52614986496e-07
1.769823482 2.83771998794e-08
1.770478972  1.1397119652e-08
1.771134705 3.26906581705e-08
1.771790681 2.72047106284e-06
1.772446899  9.0260143205e-07
1.773103361 9.76556857106e-09
1.773760066 4.21118385608e-07
1.774417014  1.6858328649e-06
1.775074206 2.05807117148e-07
1.775731641 4.38233120342e-06
1.776389319 2.15600468869e-07
1.777047241 4.95026281746e-07
1.777705407 4.10782217315e-07
1.778363816 2.25734439884e-06
1.779022469 6.40883756364e-08
1.779681367 5.67393865958e-09
1.780340508 4.18471059852e-10
1.780999893 1.53597493544e-08
1.781659523  2.2997866339e-07
1.782319397 1.19166197581e-07
1.782979515   4.483367137e-07
1.783639878 4.70399064479e-06
1.784300485 2.01616364019e-08
1.784961337 1.86206321183e-08
1.785622434 2.22415823445e-09
1.786283776 5.34147406244e-08
1.786945362 1.02777347736e-06
1.787607194 1.37579606704e-07
1.788269271 1.16335444433e-07
1.788931593 2.89578614792e-08
 1.78959416 6.41573278392e-09
1.790256973 6.19628971299e-06
1.790920031 2.36191546234e-06
1.791583334 2.88495045911e-08
1.792246884 1.79086912066e-09
1.792910679 2.00114022223e-08
 1.79357472 7.06302272553e-07
1.794239007 1.01581621483e-08
 1.79490354 3.82745981969e-07
1.795568319 3.68027108135e-06
1.796233344 8.01673871103e-08
1.796898616 1.66151521404e-06
1.797564134 2.52461707404e-06
1.798229898 7.25456676599e-07
1.798895909 8.43515212156e-07
1.799562167 1.02386253197e-07
1.800228672 1.02631602413e-07
1.800895423 2.72908905576e-07
1.801562421 1.24634262486e-07
1.802229667 6.47199693356e-07
1.802897159  2.1736393775e-06
1.803564899 1.52374133853e-06
1.804232886 2.05953945947e-06
 1.80490112 1.58760080473e-07
1.805569602 1.70261919976e-08
1.806238332 6.18148008309e-07
1.806907309 8.42443690743e-07
1.807576534 9.02000119726e-08
1.808246006 5.19338652814e-07
1.808915727 2.91966830299e-07
1.809585696 1.36277158852e-08
1.810255913 2.15602038405e-07
1.810926378  3.7271226265e-07
1.811597092 3.64939766284e-07
1.812268053 1.77863466904e-08
1.812939264 2.01660008955e-06
1.813610723  1.5007249079e-07
 1.81428243  1.1245270821e-06
1.814954387 1.93491824789e-07
1.815626592 5.44347481633e-08
1.816299047 1.47321925845e-08
 1.81697175 2.91549473612e-09
1.817644702 6.01376920994e-08
1.818317904 2.16578162056e-06
1.818991355 6.10985921378e-07
1.819665056 3.98210732204e-07
1.820339006 1.03642789675e-06
1.821013205  1.2444434745e-06
1.821687655 1.68822851129e-07
1.822362354 3.31526009226e-07
1.823037303 1.35411311471e-07
1.823712502  1.7792578607e-07
1.824387951 2.95043786942e-08
 1.82506365 1.58579931154e-06
  1.8257396 1.06432384391e-07
1.826415799 2.74075263391e-06
 1.82709225 1.15052313737e-07
1.827768951 1.25323595633e-07
1.828445902 5.90295889887e-07
1.829123104  3.1355141926e-06
1.829800557 3.73445669365e-08
1.830478261 1.92672362915e-06
1.831156216 2.38729691069e-06
1.831834422 3.89604911004e-08
1.832512879 1.12564502782e-06
1.833191588 5.90835949761e-06
1.833870548 3.13832569049e-08
1.834549759 1.36329366625e-07
1.835229222 1.30797203584e-05
1.835908936 1.49201818055e-07
1.836588903 1.25644205466e-05
1.837269121 6.04066089554e-08
1.837949591 4.10386992326e-05
1.838630313 1.94301186265e-07
1.839311287 2.55746101052e-08
1.839992513 9.20271188258e-05
1.840673992 3.52839177042e-06
1.841355723 8.28282794571e-08
1.842037707 6.39304433137e-05
1.842719943 7.91393265614e-06
1.843402432 5.13067508981e-07
1.844085174 1.88863508716e-06
1.844768168 2.00783534114e-06
1.845451416 4.68289503803e-08
1.846134916 7.21779939809e-07
 1.84681867 4.37698200442e-06
1.847502677 0.000208955970685
1.848186937 0.000136206145165
1.848871451 4.26427793812e-05
1.849556218 5.59665884718e-06
1.850241239 6.48354195826e-07
1.850926513 1.94086441694e-05
1.851612041 2.63866651603e-06
1.852297824 9.31185060069e-07
 1.85298386 0.000147510157678
 1.85367015 4.66557018099e-09
1.854356695 0.000350679704825
1.855043494 1.41650884881e-06
1.855730547 1.21840929538e-08
1.856417854 2.33146760558e-07
1.857105416   0.0004042236725
1.857793233 1.27901484736e-05
1.858481305 6.65256237046e-06
1.859169631  9.5365944391e-08
1.859858213 0.000792824988422
1.860547049 6.49379783097e-06
 1.86123614 0.000147678130202
1.861925487 2.47010007832e-08
1.862615089 6.90454215325e-08
1.863304947 1.21203692161e-06
 1.86399506 5.23815982944e-07
1.864685428  2.0906147039e-05
1.865376052 1.79666758143e-07
1.866066932 1.60654996896e-05
1.866758068 1.05169358794e-05
 1.86744946  0.00023677458481
1.868141108 2.24214716522e-05
1.868833012 9.10873602326e-08
1.869525173 0.000227001403614
1.870217589 6.64223546747e-07
1.870910263 2.37547066932e-05
1.871603192 6.98148061694e-05
1.872296379 1.54603051462e-05
1.872989822 0.000328131504463
1.873683522 0.000231911418891
1.874377479 9.55022441358e-05
1.875071692 2.55987003388e-06
1.875766163 9.49868570376e-05
1.876460892 1.36033274986e-06
1.877155877 0.000684895095427
 1.87785112  1.1402694191e-05
 1.87854662 3.15231165493e-06
1.879242378 5.79128340643e-05
1.879938394 1.23554573464e-05
1.880634668 2.80314676901e-06
1.881331199 8.35817172323e-05
1.882027988 3.68346971528e-07
1.882725036 1.88551415609e-06
1.883422341 5.01964817298e-07
1.884119905 0.000879679613864
1.884817727 1.42629720493e-06
1.885515808 9.84802759996e-07
1.886214147 2.18938460752e-06
1.886912745  0.00010011969836
1.887611602 1.15472604972e-06
1.888310717  1.6193230857e-05
1.889010091 5.19916112816e-06
1.889709725 2.77095981904e-06
1.890409617 0.000693258846656
1.891109769  6.7651983877e-07
 1.89181018  2.3336316249e-05
 1.89251085 0.000482917885028
 1.89321178 1.95006869333e-06
 1.89391297 0.000228286872109
1.894614419 7.98805264194e-06
1.895316128 4.36296067151e-06
1.896018097 8.49774841134e-07
1.896720326 5.28125604153e-05
1.897422815   4.108923572e-08
1.898125564 0.000269380899961
1.898828574 4.97889914024e-05
1.899531843 2.30194091119e-05
1.900235374  0.00117958732108
1.900939165 0.000172668234116
1.901643216 2.53045925071e-07
1.902347529 1.74107416879e-06
1.903052102 0.000720724787468
1.903756936 6.86783162637e-05
1.904462031 3.69613107191e-06
1.905167387 1.40657748726e-05
1.905873005 0.000523201907325
1.906578884 0.000205104811883
1.907285024 9.50311900862e-05
1.907991426  2.4325075332e-07
1.908698089 3.55163341394e-07
1.909405015 1.94881587397e-05
1.910112202 5.30638651251e-05
1.910819651 4.22757499821e-05
1.911527362 8.33762858301e-06
1.912235335 0.000170019035137
 1.91294357 2.76754459647e-06
1.913652068 0.000319338291315
1.914360828 7.03151405784e-06
 1.91506985 3.31048479006e-06
1.915779135  1.3506934625e-06
1.916488683 1.99012187101e-05
1.917198494 3.30508587594e-05
1.917908567 5.30855109242e-06
1.918618904  3.9906063395e-06
1.919329503 1.23277376513e-05
1.920040366 0.000217821012743
1.920751492 0.000110327909273
1.921462882 2.63388997296e-05
1.922174535 1.89745540996e-06
1.922886451 5.62109197664e-05
1.923598631 3.54686228633e-06
1.924311075 1.99177450309e-05
1.925023783 6.19260947414e-05
1.925736755 1.25197657596e-06
1.926449991 5.25056906208e-06
1.927163491 7.46596214274e-05
1.927877255 1.44337190303e-06
1.928591283 1.54263739064e-05
1.929305576 2.92583484304e-06
1.930020134 6.91837023909e-07
1.930734956 8.24007079367e-06
1.931450043   5.721279552e-06
1.932165395 1.09383814369e-05
1.932881012 5.91194131728e-06
1.933596894  8.6771466704e-06
1.934313041 2.21211768106e-05
1.935029453 6.24204442353e-06
1.935746131 1.39754844433e-06
1.936463074 3.60198691008e-06
1.937180282 3.66851363172e-06
1.937897756 1.90926741891e-06
1.938615496 1.68094191077e-06
1.939333502 2.08472841662e-05
1.940051774 7.64909130735e-06
1.940770312  1.2933333693e-05
1.941489115 1.20687246033e-05
1.942208185 3.20904063766e-06
1.942927522 1.45203687454e-06
1.943647125 3.22318034939e-05
1.944366994 5.62897941825e-06
 1.94508713 1.51023389472e-06
1.945807532 9.24494079711e-07
1.946528202 3.04074035236e-06
1.947249138 1.25825667127e-06
1.947970342 3.53317629259e-06
1.948691812  1.8618539026e-06
 1.94941355  3.3993882279e-07
1.950135555 4.23207985714e-07
1.950857827 3.28035194162e-05
1.951580367 4.52523967506e-07
1.952303175 5.41996167405e-06
 1.95302625 1.41341298746e-06
1.953749593 2.74774338858e-06
1.954473204 1.35836872483e-06
1.955197083 2.08561649483e-06
 1.95592123 1.42595773687e-06
1.956645645 1.24178452335e-06
1.957370329 2.53105701985e-05
1.958095281 3.16129255462e-07
1.958820501 3.83306496197e-06
 1.95954599 2.60226969911e-05
1.960271748  1.4064187364e-06
1.960997775 1.20861043692e-05
 1.96172407 6.64575603052e-07
1.962450635 3.45111045637e-06
1.963177468 1.01063749697e-05
1.963904571 2.54740885474e-06
1.964631943  4.6903962501e-06
1.965359585 9.50249966834e-06
1.966087495 5.98013555409e-06
1.966815676 8.24281214985e-06
1.967544126 4.03108128907e-05
1.968272846 6.19153020355e-06
1.969001836 1.27362759531e-07
1.969731096 1.64032047606e-06
1.970460626 1.87382354546e-05
1.971190427 6.74038961602e-07
1.971920497 7.92402238479e-06
1.972650838 2.51917886711e-06
1.973381449 1.81474717162e-05
1.974112331 8.43341653411e-06
1.974843484 7.77038904337e-06
1.975574908 4.84084668962e-06
1.976306602 5.13805938554e-07
1.977038567 1.25532762926e-07
1.977770804 7.13166767164e-06
1.978503312 1.99299098159e-06
1.979236091 1.67351671889e-06
1.979969141 7.87656733643e-06
1.980702463 2.04155359371e-06
1.981436056 6.82706829548e-06
1.982169922 2.11384958106e-05
1.982904059 9.55833358813e-07
1.983638468 6.84485338575e-07
1.984373149 1.32148447162e-06
1.985108102 9.22246846606e-07
1.985843327 8.63132210761e-06
1.986578824 9.87776905749e-07
1.987314594 9.10586103316e-07
1.988050637 4.08442672802e-06
1.988786952   6.532523771e-07
1.989523539 1.16468560207e-05
  1.9902604 5.77542851233e-06
1.990997534 1.12791683557e-06
 1.99173494 1.92680041919e-07
 1.99247262 9.01830014887e-07
1.993210572 1.18555741664e-05
1.993948799 6.39253923522e-06
1.994687298 4.35354659249e-06
1.995426071 2.50567317704e-06
1.996165118 1.99631139855e-06
1.996904438 1.63592562589e-06
1.997644033 8.65846612924e-06
1.998383901 1.91596118567e-06
1.999124043 4.09985109695e-07
1.999864459 2.38457779052e-07
 2.00060515 1.25540789845e-06
2.001346115  6.9457645645e-06
2.002087354 1.04635960527e-06
2.002828868 1.43658913092e-06
2.003570656 4.06494802027e-07
2.004312719 8.50132314184e-07
2.005055057 3.22907683808e-06
 2.00579767 3.92125808468e-06
2.006540558 5.51222738695e-07
2.007283722 5.22742960972e-07
 2.00802716 4.56020883752e-07
2.008770874 5.97510975773e-07
2.009514863 3.15732546584e-06
2.010259128 3.29093731663e-07
2.011003668 8.58032638886e-07
2.011748484 6.95659738691e-07
2.012493576 9.51341802844e-07
2.013238944 2.92664393929e-06
2.013984588 2.57422081644e-07
2.014730509 1.55902787674e-06
2.015476705 2.54566641493e-07
2.016223178 5.04461816413e-07
2.016969927 2.67531700202e-06
2.017716953 1.77754388715e-06
2.018464256 1.59421287222e-07
2.019211835 3.48068967826e-07
2.019959691 1.99277704578e-07
2.020707825 1.42617948216e-06
2.021456235 1.84549969109e-06
2.022204922 4.99608079724e-07
2.022953887  2.7690275205e-06
2.023703129 2.12801917062e-07
2.024452649  2.3960759584e-07
2.025202446 1.26603827714e-06
2.025952521 1.62921315876e-06
2.026702874 6.96617572534e-08
2.027453505 9.18596125167e-08
2.028204414 2.18959934082e-07
  2.0289556 1.52025120563e-07
2.029707065 2.35090244133e-06
2.030458809 7.67942678065e-07
2.031210831  2.7282051973e-07
2.031963131 2.25763149572e-07
 2.03271571  4.4483802052e-07
2.033468567  3.1281386119e-07
2.034221704 9.85182817424e-07
2.034975119 7.51291709535e-07
2.035728814 2.52289499483e-07
2.036482788  1.4592700429e-07
 2.03723704 1.22435127496e-07
2.037991573 3.46427264643e-07
2.038746384 4.14473197169e-07
2.039501476 5.07488368929e-07
2.040256846 1.51173944975e-07
2.041012497 1.29340561262e-07
2.041768428 4.96157565917e-08
2.042524638 3.49027680442e-07
2.043281129 1.47683802276e-07
  2.0440379 3.17341052961e-07
2.044794951 1.28521739408e-07
2.045552282 1.36249345546e-07
2.046309894 1.94179950899e-07
2.047067787 6.71038295113e-08
 2.04782596 6.11813434551e-08
2.048584414 9.14126323794e-08
2.049343149 2.59455804857e-07
2.050102165 6.28360188578e-08
2.050861462 1.58748137817e-07
 2.05162104 4.94934719188e-08
  2.0523809 8.86651545435e-08
2.053141041 7.51932614938e-08
2.053901464 5.72994898818e-08
2.054662168 2.68765270219e-08
2.055423154 6.85847853115e-08
2.056184422 5.74209207087e-08
2.056945972 2.38461181174e-08
2.057707803 7.09177726586e-08
2.058469917 3.21674740682e-08
2.059232314 3.75209614708e-08
2.059994992 2.28445016256e-08
2.060757953 2.33946035081e-08
2.061521197 4.66058371351e-08
2.062284723 7.71794865021e-08
2.063048533 2.10500859116e-08
2.063812625 2.12160167365e-08
   2.064577  1.3658845773e-08
2.065341658 6.93647391738e-09
2.066106599 8.75883036137e-09
2.066871824 4.19479814789e-08
2.067637332 8.18975575622e-09
2.068403124  3.0613581164e-08
2.069169199 7.82092916121e-10
2.069935558 2.65903642617e-10
2.070702201 5.49953361881e-08
2.071469127 1.15372591703e-08
2.072236338 1.90906348387e-08
2.073003833  2.8168155329e-08
2.073771612 2.12148921989e-08
2.074539676 7.55925896658e-10
2.075308024 1.14620529443e-08
2.076076656 7.23278548463e-09
2.076845574 1.05033802825e-08
2.077614776 3.71526569348e-09
2.078384263 1.64590207933e-08
2.079154035  1.0499717209e-08
2.079924092 7.24710695745e-09
2.080694434 3.27418223606e-09
2.081465062 2.62678637865e-09
2.082235975 2.96720921551e-09
2.083007173 3.05880012811e-09
2.083778657 7.36171731615e-10
2.084550427 3.38678433104e-09
2.085322483 1.61687733002e-09
2.086094824 4.80860417052e-09
2.086867452 1.37777477749e-12
2.087640366 2.75431418167e-09
2.088413566 1.25976628656e-09
2.089187053 5.78444781531e-10
2.089960826 2.66917559591e-10
2.090734885 2.76936869478e-09
2.091509231 1.22378579654e-09
2.092283865 1.72975066027e-09
2.093058784   1.238515818e-08
2.093833991 3.16687582077e-10
2.094609485 9.95312270894e-10
2.095385267 5.36366908979e-09
2.096161335 1.39798522932e-14
2.096937691 8.21341586169e-13
2.097714335 3.46025920924e-10
2.098491266 2.33852338172e-09
2.099268485 5.95521331947e-10
2.100045992 9.43487912169e-14
2.100823787 2.38815936655e-12
 2.10160187 2.92111149648e-10
2.102380241 2.43222938115e-12
  2.1031589 2.22454834499e-09
2.103937848 5.63047605428e-10
2.104717084 1.22644237523e-09
2.105496609 6.87126318846e-13
2.106276423 1.25805954295e-09
2.107056525 5.05828369859e-10
2.107836916 1.28275395827e-09
2.108617597 1.81420136066e-09
2.109398566 6.10304323199e-10
2.110179825 5.94748855941e-13
2.110961373 4.96216935087e-13
 2.11174321 1.42809663483e-09
2.112525338 3.43438601076e-09
2.113307754 1.98499775226e-12
2.114090461  3.3360029342e-13
2.114873457 3.41396832207e-10
2.115656744 4.18864700221e-13
 2.11644032 2.51717912575e-09
2.117224187 3.80438488685e-10
2.118008344 1.41186126203e-12
2.118792792 4.90356872387e-10
 2.11957753 2.95568143927e-12
2.120362559 1.33509227329e-09
2.121147878 1.48155442134e-11
2.121933488 1.91848012224e-09
 2.12271939 5.19880822668e-10
2.123505582 3.76125787683e-11
2.124292066 2.21473801379e-09
 2.12507884 1.07181663415e-10
2.125865907 6.73104828522e-11
2.126653264 1.64745838549e-09
2.127440914 2.65651888254e-10
2.128228855 1.74433247742e-09
2.129017088 1.98210524516e-09
2.129805613 8.46374980212e-12
 2.13059443 2.46054384838e-10
2.131383539   2.660928546e-09
 2.13217294 6.07541533336e-10
2.132962634 6.30641923104e-12
 2.13375262 2.95382015511e-09
2.134542899 2.19125032388e-09
 2.13533347 1.33749009069e-09
2.136124334 3.34879700507e-10
2.136915491 2.09014878053e-09
2.137706942 8.12000623489e-10
2.138498685 2.97542797401e-09
2.139290721 9.73581665994e-12
2.140083051 2.27063631182e-11
2.140875675 4.38546687934e-10
2.141668592 3.00136209883e-10
2.142461802 1.89326115695e-11
2.143255307 1.13693944281e-09
2.144049105 4.57623032326e-10
2.144843197  9.4216513568e-12
2.145637583 1.40817567294e-09
2.146432264 4.53511620591e-10
2.147227239 1.23469318709e-09
2.148022508 7.03936341541e-11
2.148818072 3.97153650911e-10
2.149613931  8.3617263346e-10
2.150410084 4.32006144096e-10
2.151206532 1.04011781581e-09
2.152003275 4.70295357453e-09
2.152800314 3.57570721786e-10
2.153597647 3.57739907006e-12
2.154395276 4.52680626622e-10
  2.1551932 2.14756094152e-10
 2.15599142 4.56173621943e-12
2.156789935 1.92832858041e-10
2.157588746 1.88199299027e-11
2.158387853 1.15580341466e-09
2.159187256 3.81191100231e-10
2.159986955 3.49606064561e-10
 2.16078695 2.21532988031e-09
2.161587242 1.40203965619e-09
2.162387829  2.7818934065e-09
2.163188714 3.04196386759e-08
2.163989895 1.42239584891e-09
2.164791373 1.59124493446e-10
2.165593147 1.11434689087e-11
2.166395219 3.72359061023e-13
2.167197587 8.85440863067e-10
2.168000253 3.08268652313e-09
2.168803216   1.621256444e-09
2.169606477 5.81074295684e-11
2.170410035 1.93477632108e-10
 2.17121389 1.22234963269e-08
2.172018043 2.07029358288e-09
2.172822495 2.44920155651e-08
2.173627244 2.80507990783e-09
2.174432291  4.2836528477e-08
2.175237636 3.47644371042e-08
 2.17604328 2.32992207049e-08
2.176849222 1.14882280629e-08
2.177655462 6.82036706952e-10
2.178462001 2.34019777134e-08
2.179268839 8.42024907537e-10
2.180075975 7.33360651983e-10
2.180883411 4.42832498385e-09
2.181691146 3.26891364763e-09
2.182499179 2.99206855943e-13
2.183307512 2.15720627234e-09
2.184116145 5.84073379577e-08
2.184925077 3.01747583906e-09
2.185734308 2.08487327284e-10
2.186543839 1.62298835419e-10
 2.18735367 1.42006058254e-09
2.188163801 7.46814166586e-09
2.188974232 5.23399251622e-09
2.189784964   4.995040244e-08
2.190595995 2.70239778998e-09
2.191407327 1.16143335284e-08
2.192218959 4.71649683023e-09
2.193030892 1.33595880327e-09
2.193843126 1.37675133328e-09
 2.19465566 2.73444580643e-09
2.195468496 8.79713427544e-08
2.196281632 4.77488267021e-09
 2.19709507 1.11432709254e-08
2.197908809 1.26591504575e-08
2.198722849 1.07173341897e-08
2.199537191 1.73847925086e-08
2.200351834 1.59584723958e-07
 2.20116678 1.34187430793e-07
2.201982027  1.5363215313e-08
2.202797575 8.19279179203e-09
2.203613426 1.49208139191e-08
2.204429579 2.97994229295e-09
2.205246035 1.13542594341e-08
2.206062793 3.07650674489e-08
2.206879853 1.38090548293e-08
2.207697216 2.61736467267e-08
2.208514882   8.642584394e-09
 2.20933285 1.72846948324e-08
2.210151121 4.48743348454e-08
2.210969696 2.41847967434e-08
2.211788574 2.50009775899e-07
2.212607755 1.08109511098e-08
2.213427239 7.26432598653e-08
2.214247027 1.40058960507e-07
2.215067118 7.87427189099e-08
2.215887513  6.7095122955e-08
2.216708213 2.60712156461e-07
2.217529216 2.51325308058e-08
2.218350523 1.23929591343e-07
2.219172134 2.23751605316e-07
 2.21999405 4.71566347803e-08
 2.22081627 1.11497057504e-07
2.221638794 5.73577413867e-07
2.222461623 8.22416044378e-08
2.223284757 3.68388007381e-07
2.224108196 6.45119534049e-08
 2.22493194 7.66624032258e-07
2.225755989  1.3052912497e-08
2.226580343 9.98057265037e-08
2.227405002 4.94723173916e-07
2.228229967 7.41464295169e-07
2.229055237  1.4273805842e-06
2.229880813 4.48622365391e-07
2.230706695 2.28217355566e-06
2.231532883  2.2549365101e-07
2.232359376 6.97602353483e-07
2.233186176 1.04451782629e-07
2.234013282 7.05543640259e-07
2.234840695 2.28147981567e-08
2.235668413 2.10904244166e-06
2.236496439 2.37688439046e-08
2.237324771 2.13167162224e-08
2.238153409 1.90279933539e-08
2.238982355 2.21390137604e-06
2.239811608 2.19073573214e-08
2.240641168 6.93460211761e-07
2.241471035 1.57562114089e-06
2.242301209 1.49402011122e-07
2.243131691 5.23258389033e-08
2.243962481 6.31806291245e-08
2.244793578 1.60285700913e-06
2.245624983 2.03996065499e-08
2.246456696 2.67178395913e-06
2.247288717 2.95406130046e-06
2.248121046 3.40404157649e-08
2.248953684 8.16576519058e-08
2.249786629 3.89278210121e-07
2.250619884 1.80075237255e-06
2.251453447 1.82518371389e-07
2.252287318 8.25545485784e-08
2.253121499 4.70458731718e-08
2.253955988 1.42607935747e-06
2.254790787 6.97308568038e-07
2.255625894 3.40338151188e-07
2.256461311 8.96647611078e-08
2.257297038 3.21089855778e-06
2.258133074 4.23706478433e-08
2.258969419 6.44598352462e-07
2.259806075 5.80528360608e-07
 2.26064304 1.01665126864e-07
2.261480315  9.8143367513e-07
  2.2623179 1.55652889133e-06
2.263155796 1.85446664154e-06
2.263994002 2.15097862817e-07
2.264832518 2.36842389849e-07
2.265671345 3.65987851996e-06
2.266510482 2.05634446092e-06
2.267349931 3.45506721952e-07
 2.26818969 1.19292940648e-07
 2.26902976 1.87817600312e-07
2.269870142 1.28337820468e-06
2.270710834 1.61080539722e-06
2.271551838 1.05251602146e-06
2.272393154 8.75414545596e-07
2.273234781 1.23803082326e-07
 2.27407672 8.19414652897e-07
 2.27491897 9.77879717677e-07
2.275761533 3.52152059349e-06
2.276604408 1.95851558496e-07
2.277447594 3.85251093836e-07
2.278291093 1.53147541743e-06
2.279134905 1.23806051514e-06
2.279979029 6.64481402285e-07
2.280823466 1.33307147316e-06
2.281668215  1.0641152513e-07
2.282513277 5.68163829455e-07
2.283358653 2.27538100506e-06
2.284204341 1.38803685078e-06
2.285050343 2.55853855213e-06
2.285896658 3.01156091417e-07
2.286743286 5.94856196145e-08
2.287590228 1.14402768101e-06
2.288437484 1.23550852354e-07
2.289285053 1.61469981296e-06
2.290132936 9.56296752316e-07
2.290981134 7.12933949508e-08
2.291829645 9.16008788141e-07
2.292678471 1.26567542816e-06
2.293527611 8.88802223938e-07
2.294377066 5.99675498965e-07
2.295226835  5.3579730189e-07
2.296076919 1.48564876567e-06
2.296927318 1.59237289514e-07
2.297778032 2.00542224172e-06
2.298629061 6.54145260672e-07
2.299480405 1.61499618329e-06
2.300332064 2.12564059343e-06
2.301184039 3.11943146649e-07
 2.30203633 4.28477365965e-07
2.302888936 3.67212568242e-07
2.303741858 5.33910457338e-07
2.304595095 8.14967447894e-07
2.305448649 7.35575651716e-07
2.306302519 3.49098062113e-07
2.307156705 6.87450628699e-07
2.308011207   4.343791201e-06
2.308866026 2.23389343943e-07
2.309721162  3.2948604149e-07
2.310576614 1.97312096058e-07
2.311432383 1.89077841143e-07
2.312288469 7.70602069855e-07
2.313144873 2.29536972001e-07
2.314001593 9.59976996566e-08
2.314858631 1.98806992153e-07
2.315715986 6.64055791953e-07
2.316573658  4.2070011812e-07
2.317431648 4.17746808462e-06
2.318289956 7.38534147839e-07
2.319148582 2.44294268732e-07
2.320007526 6.04408465012e-07
2.320866788  6.4482402389e-07
2.321726369 1.78022161717e-07
2.322586267 2.16059457968e-07
2.323446484 2.70884778806e-07
 2.32430702 2.22765527175e-07
2.325167875 9.43138933967e-08
2.326029048 5.99840563847e-07
 2.32689054 2.19905246249e-07
2.327752351 1.20029598799e-07
2.328614482 1.22828188179e-06
2.329476932 5.03232345116e-07
2.330339701 7.25487405836e-07
 2.33120279 5.04884291024e-07
2.332066198 4.95735307073e-07
2.332929926 1.72431345962e-07
2.333793975 7.76980382251e-07
2.334658343 2.94226821233e-07
2.335523031 6.38933826488e-07
2.336388039 1.90712622667e-07
2.337253368 7.81693100644e-07
2.338119018 4.40531403493e-08
2.338984988 2.44631835983e-07
2.339851278 1.44379112504e-06
 2.34071789 1.09461580376e-06
2.341584823 8.87486114388e-07
2.342452076  3.6192040215e-08
2.343319651 7.29326512373e-07
2.344187547 1.21712172296e-07
2.345055765 3.21829424359e-07
2.345924304 7.40871387578e-07
2.346793165  4.5553652501e-07
2.347662348 1.02742148408e-06
2.348531852 1.50594359389e-06
2.349401679 8.42927280716e-07
2.350271828 2.57073477934e-06
2.351142299 6.00264436082e-06
2.352013092 8.65441206447e-07
2.352884208 6.82659050203e-07
2.353755647 1.06092249222e-05
2.354627408 8.97723118988e-08
2.355499492 9.86172589412e-08
2.356371899 2.97334359366e-05
 2.35724463 1.72572723327e-07
2.358117683 9.84558077855e-08
 2.35899106 4.52821674345e-05
2.359864761 8.75201090882e-08
2.360738785  8.2842403694e-07
2.361613132 2.80164330694e-05
2.362487804 1.95819089077e-07
2.363362799 6.62120242821e-07
2.364238119 7.56440560341e-08
2.365113763 1.76110720692e-05
2.365989731 5.02424819008e-07
2.366866023 1.30528192789e-07
 2.36774264 2.14116440328e-05
2.368619582 4.40485357455e-07
2.369496848 8.04216040114e-08
 2.37037444 3.75012493292e-05
2.371252356 5.30820709954e-05
2.372130598 1.50471287415e-05
2.373009165 3.28086124043e-06
2.373888057 4.92499513326e-06
2.374767275 2.50791409063e-07
2.375646818 1.36061606568e-07
2.376526687 3.74772334572e-06
2.377406883 8.70085855275e-06
2.378287404 6.70453991331e-08
2.379168251  2.3651715701e-08
2.380049424 1.41503294383e-05
2.380930924 1.09307433749e-05
 2.38181275 1.03589230633e-07
2.382694903 4.96631369857e-08
2.383577383 1.39739345918e-05
2.384460189 4.32592785536e-06
2.385343323 1.44478135465e-07
2.386226783 2.34655544281e-06
2.387110571 2.63321753392e-06
2.387994686 3.72385683778e-06
2.388879128 2.80002443566e-07
2.389763898  2.0491020155e-06
2.390648996 1.77689650094e-06
2.391534422 3.65354179097e-06
2.392420175 1.73136862594e-07
2.393306257 6.31397060905e-07
2.394192666 4.96110088059e-07
2.395079404 1.45679814821e-06
2.395966471 3.53643214212e-07
2.396853866 3.26974639955e-07
 2.39774159 6.53136335391e-08
2.398629642 1.04820355517e-07
2.399518023 2.39507442187e-07
2.400406734 4.67147340892e-07
2.401295773 3.64138961538e-08
2.402185142 6.28444128541e-07
 2.40307484 5.60458318544e-08
2.403964868 9.96661855984e-07
2.404855225 1.09634484928e-07
2.405745912 3.96973016535e-08
2.406636929 6.81519837484e-08
2.407528276 7.87022613143e-08
2.408419954 2.34083742611e-08
2.409311961 2.66967784006e-08
2.410204299 1.12722408265e-07
2.411096967  1.9833643543e-06
2.411989966 2.03953007912e-08
2.412883295 7.27215151144e-08
2.413776956 4.61126824187e-08
2.414670947 3.99234010225e-06
 2.41556527 2.07602793178e-06
2.416459924 1.51403009561e-07
2.417354909 3.06473972898e-08
2.418250226 2.01919416174e-07
2.419145874 1.91672274856e-07
2.420041854 3.27387694646e-07
2.420938166  2.6873738776e-08
2.421834809 1.15437512411e-06
2.422731785 7.12214451723e-08
2.423629093 1.66349136936e-07
2.424526734 1.11652019964e-07
2.425424707 1.22149345199e-07
2.426323012 1.23805267986e-06
 2.42722165  4.7579952291e-07
2.428120621 2.14736095219e-07
2.429019925 1.17035524809e-07
2.429919562 6.55316132818e-07
2.430819532 3.43812495142e-07
2.431719836 2.92265542655e-07
2.432620473 1.35986585939e-07
2.433521443 3.55806081261e-07
2.434422748 8.68430217781e-08
2.435324386 2.15874175477e-07
2.436226358 5.67587600447e-07
2.437128664 1.10375399941e-06
2.438031304 2.53525212336e-07
2.438934278 6.75375715013e-07
2.439837587 1.83091137028e-08
2.440741231 2.81122903019e-07
2.441645209 5.33099045412e-07
2.442549522 1.23774984508e-06
 2.44345417 4.63231032177e-07
2.444359153 6.63811534156e-06
2.445264471 2.98694053414e-07
2.446170125 1.44008075763e-07
2.447076114 9.48102234045e-08
2.447982438 4.85064655713e-07
2.448889099 3.86533232764e-07
2.449796095  3.7835009179e-06
2.450703426 4.68147389968e-08
2.451611094 6.19992682823e-07
2.452519098 3.46763606819e-08
2.453427439  2.2567129207e-07
2.454336116 4.92758499811e-06
2.455245129 1.68270788008e-07
2.456154479 2.27260214212e-07
2.457064166 1.26639778854e-06
 2.45797419 4.21274007173e-07
2.458884551 1.31137812719e-07
2.459795249 4.58500150758e-08
2.460706284 6.08144330684e-07
2.461617657 7.53516979493e-08
2.462529367 1.91032822609e-06
2.463441415 6.84170936351e-07
  2.4643538 2.70782363153e-08
2.465266524 3.01535122305e-08
2.466179586 4.52210602119e-08
2.467092986 5.08761336857e-08
2.468006724 9.66219362425e-07
  2.4689208 2.27158374207e-06
2.469835215 6.29494538942e-08
2.470749969 1.53379562621e-07
2.471665062 3.78395653597e-06
2.472580493 3.00234078542e-07
2.473496264 4.82096723939e-07
2.474412373 1.05086875604e-08
2.475328823 9.57942193961e-08
2.476245611  2.9944561271e-08
2.477162739 1.41103162679e-08
2.478080207 3.43618254663e-08
2.478998014 1.18138174214e-06
2.479916162 6.66564856289e-08
2.480834649 2.07706314117e-07
2.481753477 9.21995896668e-08
2.482672645 5.82424498149e-06
2.483592153  4.7723420029e-08
2.484512002 2.42052233494e-06
2.485432192 2.27368918115e-08
2.486352722 8.46763897505e-08
2.487273593 3.20853009018e-08
2.488194806 1.15208265341e-06
2.489116359 3.78502598125e-07
2.490038254 2.71879637099e-07
2.490960491 2.26385289333e-07
2.491883069 5.81502840242e-08
2.492805988 2.61336936798e-07
 2.49372925 4.78024842396e-08
2.494652853 4.26497375751e-07
2.495576799 4.37751382499e-06
2.496501087 3.32397285694e-08
2.497425717 3.00565878987e-06
2.498350689 6.12098703899e-08
2.499276004 3.91272177265e-07
2.500201662  4.7066409645e-08
2.501127663 4.84761384031e-08
2.502054006 4.64727908083e-08
2.502980693 5.37252818366e-07
2.503907723 1.61941706439e-07
2.504835096 2.47921141104e-07
2.505762813 1.39459545263e-08
2.506690873 9.13515238818e-08
2.507619277 3.36345767173e-07
2.508548025 1.81555831344e-07
2.509477117 2.02572224844e-06
2.510406553 3.92845886643e-07
2.511336333 1.88162835388e-06
2.512266457 1.21247631906e-08
2.513196926   6.286463059e-07
 2.51412774 9.07716243965e-08
2.515058899 1.67176863482e-07
2.515990402 8.42740971494e-09
 2.51692225 3.69922433717e-06
2.517854444 1.34061786587e-06
2.518786982 2.21021679938e-08
2.519719866 1.50026459253e-08
2.520653096 1.48333274566e-07
2.521586671 3.59130447286e-07
2.522520592 5.19214022006e-08
2.523454859 1.16740237278e-06
2.524389472 1.73252626442e-06
2.525324431 1.16360079013e-07
2.526259736 2.50539881103e-08
2.527195388 6.76518672507e-08
2.528131386 4.75840394784e-07
2.529067731 8.96124928604e-07
2.530004423 1.06583722833e-05
2.530941462 5.97843647727e-07
2.531878847 5.40994385812e-06
 2.53281658 1.25646165262e-08
2.533754661 5.48673049038e-08
2.534693088 3.46444295756e-08
2.535631863 1.02559838695e-07
2.536570986 3.61197450892e-07
2.537510457 5.58051073711e-08
2.538450276 2.92631007782e-08
2.539390443 1.53060798179e-07
2.540330958  2.6662913342e-07
2.541271821 3.16878255982e-06
2.542213033 2.99352787945e-08
2.543154593 2.26856992944e-07
2.544096502 1.01073712076e-07
 2.54503876 8.25678167184e-05
2.545981367 2.69919266231e-07
2.546924323 7.44779862194e-08
2.547867628 1.94654339035e-06
2.548811283 3.74781042271e-07
2.549755287 1.47751754815e-07
2.550699641 7.62207858173e-06
2.551644345 8.48573751868e-07
2.552589398 6.20481385526e-07
2.553534802  5.6094585192e-07
2.554480555 1.83850770844e-08
2.555426659 1.30058553692e-07
2.556373113 9.91618269611e-08
2.557319918 4.30332508258e-07
2.558267074 6.26715916915e-08
 2.55921458 1.79666985608e-07
2.560162437 3.46556098296e-06
2.561110646 2.20829219747e-06
2.562059205 4.89642575387e-05
2.563008116 9.88556860966e-06
2.563957378 1.60687651212e-07
2.564906992 1.61465842462e-05
2.565856958 1.55895796508e-06
2.566807275 2.10125818829e-07
2.567757944  6.0014939087e-07
2.568708966 8.59000335236e-05
 2.56966034 0.000112482866105
2.570612066 1.44598942221e-06
2.571564144 7.96424713231e-07
2.572516575 8.62478000841e-07
2.573469359 9.64541040164e-05
2.574422496 1.13467276818e-05
2.575375986 6.29603778767e-06
2.576329829 2.71923520797e-06
2.577284025 0.000163052677209
2.578238575 1.66084389738e-07
2.579193478 4.70349314788e-09
2.580148735  1.0145154558e-06
2.581104345 0.000289194867023
 2.58206031 3.16777539436e-05
2.583016629 2.62191781359e-06
2.583973301 0.000500379298868
2.584930329   0.0001621035789
 2.58588771 3.05943016457e-07
2.586845446 4.71409029735e-06
2.587803537 0.000425715858317
2.588761983  0.00022016607971
2.589720784 9.67103466209e-05
 2.59067994 1.25674392346e-05
2.591639451  1.1943799986e-06
2.592599317 1.17373788364e-05
2.593559539  3.7174597423e-05
2.594520117  0.00627831352666
 2.59548105  0.00104341635172
2.596442339  0.00247583397168
2.597403985 4.96535492237e-05
2.598365986 4.32930524256e-05
2.599328344 5.03839594289e-07
2.600291058 2.33239628939e-06
2.601254129 8.10853352671e-06
2.602217556 0.000589504136668
2.603181341 5.56503153095e-05
2.604145482  0.00038896152195
 2.60510998 3.49445483569e-08
2.606074836  0.00993438506782
2.607040049 0.000454647835705
2.608005619  0.00282460458284
2.608971547 0.000170784220044
2.609937833  0.00493879882846
2.610904476 4.12749356091e-08
2.611871478 8.68749619489e-06
2.612838838 5.79133623221e-05
2.613806556  0.00136145715041
2.614774633 0.000148256258233
2.615743068 2.96258001429e-05
2.616711861  0.00363998055534
2.617681014  0.00906482861314
2.618650525  0.00107038996454
2.619620396 2.61309955737e-05
2.620590626   0.0198604402521
2.621561215 9.89245651608e-06
2.622532163 0.000233697678123
2.623503472 0.000476156115141
 2.62447514 2.40459941637e-07
2.625447167 4.66747954082e-06
2.626419555 7.42383250093e-06
2.627392303   0.0212640255269
2.628365411 1.42432606865e-06
 2.62933888 0.000632453604472
2.630312709  0.00101150172524
2.631286899   0.0444394738941
 2.63226145 6.61694534289e-05
2.633236362 1.08318817465e-05
2.634211634   0.0104239367642
2.635187268 5.67937732413e-06
2.636163264 7.49971670309e-08
 2.63713962 2.30169481375e-07
2.638116339 7.45129452056e-07
2.639093419 7.52409628472e-06
2.640070861  0.00205506011873
2.641048665 6.76598636502e-05
2.642026831 0.000299131112944
2.643005359  0.00110799546381
 2.64398425  0.00413138771253
2.644963504 5.77829047002e-08
 2.64594312   0.0135082331093
2.646923099 0.000154513073843
2.647903441 0.000777675979472
2.648884146 2.35059191171e-06
2.649865214 1.41182779616e-06
2.650846645 5.27428232116e-06
 2.65182844 7.65652324878e-05
2.652810599   0.0122069218198
2.653793122 1.03681526571e-05
2.654776008 0.000108852641114
2.655759258  0.00117538145854
2.656742873 2.87071878721e-05
2.657726852 0.000182655191246
2.658711195 5.49211791459e-06
2.659695903   0.0150542501476
2.660680975 3.91817149888e-05
2.661666413  1.8289424431e-06
2.662652215  0.00186501902994
2.663638383 7.34375285926e-05
2.664624915 0.000218188114041
2.665611814   0.0184392967307
2.666599077  0.00126490186658
2.667586706   0.0496299755992
2.668574702 2.68899962795e-05
2.669563063 0.000669812158554
 2.67055179   0.0086419329595
2.671540883 0.000567012343217
2.672530342 1.78170635825e-05
2.673520168   0.0017856726841
2.674510361 6.43405720286e-06
2.675500921  0.00512274252306
2.676491847 0.000163933498278
 2.67748314 0.000323498190016
  2.6784748 0.000384150339765
2.679466828   0.0542720342105
2.680459223  0.00164513996349
2.681451986   0.0036997524058
2.682445116 0.000509347985397
2.683438615 0.000378367911564
2.684432481 0.000396328453787
2.685426715 4.39856617824e-05
2.686421317  0.00557331006134
2.687416288 2.27410248036e-05
2.688411628 7.66528522509e-05
2.689407336 0.000174813545379
2.690403412 0.000480004304306
2.691399858 9.00068423699e-05
2.692396673 2.30967574053e-06
2.693393857  0.00476350945139
 2.69439141   0.0453140210125
2.695389333  0.00157088826831
2.696387625    0.028367608286
2.697386287 3.80105297119e-06
2.698385319 8.24790978737e-05
2.699384721 5.40278060202e-05
2.700384493 1.44609759264e-05
2.701384636    0.015123525054
2.702385149 0.000489636193151
2.703386032 1.99028239237e-05
2.704387286 5.28854766419e-05
2.705388911  0.00027088460001
2.706390907 0.000189418213342
2.707393274 0.000423248778242
2.708396012  0.00408439275618
2.709399122   0.0175880295012
2.710402603  0.00461147361831
2.711406456   0.0714936257178
 2.71241068  0.00025813949067
2.713415277 1.08952749645e-05
2.714420246 0.000696908260387
2.715425586 5.12201498825e-05
  2.7164313  0.00128930844465
2.717437385 0.000669938504152
2.718443844  0.00327857344152
2.719450675 0.000339568600577
2.720457879   0.0423176326398
2.721465456   0.0138348589141
2.722473406 0.000651786990522
2.723481729  0.00147139754266
2.724490426    0.030886119619
2.725499497    0.019630226105
2.726508941 0.000247117955304
2.727518759 1.65206368774e-05
2.728528951 3.70843572885e-05
2.729539517 4.94272230773e-05
2.730550458 7.21684457961e-06
2.731561773 0.000123156046537
2.732573463 0.000104691830791
2.733585527 0.000406124711192
2.734597966 0.000237930696891
 2.73561078   0.0122873860675
2.736623969 0.000956003524383
2.737637534 0.000120610469091
2.738651473   0.0119612651914
2.739665789  0.00408063792643
 2.74068048   0.0154479832531
2.741695547  0.00372475613185
2.742710989 0.000319308585606
2.743726808 0.000160847341192
2.744743003  0.00174189901705
2.745759575 0.000142475708048
2.746776523 5.91802105018e-05
2.747793847 0.000143616284083
2.748811549  0.00433501618179
2.749829627  0.00250758061159
2.750848083 0.000758978052953
2.751866915  0.00100755653625
2.752886125 2.08788828353e-06
2.753905713 0.000691161430772
2.754925678    0.007129226632
2.755946021   0.0081822320258
2.756966741 1.00708409509e-05
 2.75798784  0.00037465046202
2.759009317 0.000128699282241
2.760031172 0.000701298005128
2.761053406 7.04314938026e-05
2.762076019 0.000173139034308
 2.76309901  0.00470294191351
 2.76412238  0.00224318767709
2.765146129 0.000133599592431
2.766170257  0.00217045051125
2.767194764 0.000557495718868
2.768219651   0.0031537508846
2.769244918  0.00058680816718
2.770270564 0.000220031870598
 2.77129659 0.000974118490537
2.772322996  0.00188998198853
2.773349783 3.24948864943e-06
2.774376949 8.89634891759e-06
2.775404496 0.000173500584462
2.776432424 7.33471847773e-06
2.777460732  0.00547221908432
2.778489421  0.00180010711975
2.779518492  0.00305305869999
2.780547943 0.000947803591771
2.781577775 0.000174473876046
2.782607989 2.42548439106e-05
2.783638585 0.000339635404567
2.784669562 5.88320479091e-06
2.785700921 0.000414381142743
2.786732662   0.0012710293674
2.787764786 0.000124804020926
2.788797291  0.00304139380954
2.789830179  2.3852677939e-05
2.790863449  0.00173120730149
2.791897103 0.000297603419412
2.792931139 0.000592681194191
2.793965557 0.000374109963238
 2.79500036 6.01677232212e-05
2.796035545 0.000595481629514
2.797071114 0.000442213847471
2.798107066  0.00119444919065
2.799143402 1.97381946246e-05
2.800180122 2.51924608403e-05
2.801217225 4.39325128567e-05
2.802254713  0.00332370943051
2.803292585 0.000113931764075
2.804330842  0.00342937891773
2.805369483  0.00018375551219
2.806408509  0.00497954325972
2.807447919  3.8536815897e-06
2.808487715 0.000207036831834
2.809527895 4.63754241316e-05
2.810568461 0.000254100456918
2.811609412  0.00144931651003
2.812650749 5.33826860054e-06
2.813692472 6.50603818216e-06
 2.81473458 2.70411617096e-05
2.815777074  0.00161879089586
2.816819955  0.00249332984768
2.817863221 0.000167531191913
2.818906875 0.000711618917662
2.819950914  0.00162257241595
 2.82099534 3.46465706246e-05
2.822040153  0.00106345477284
2.823085354 0.000225223109158
2.824130941 1.33354157715e-05
2.825176915 0.000856146966041
2.826223277 3.28487833805e-05
2.827270026  5.1357036937e-05
2.828317163 4.00943300705e-05
2.829364688 4.60710476527e-05
2.830412601 1.37193775368e-06
2.831460902 2.49930150786e-05
2.832509591  0.00021531772427
2.833558669 0.000841494043155
2.834608135  0.00124029741307
 2.83565799  0.00576268248419
2.836708234 0.000245076199396
2.837758866  2.6172020264e-05
2.838809888  0.00229228764879
2.839861299 9.75317324191e-05
  2.8409131 2.92039168053e-05
 2.84196529   0.0002848328076
2.843017869 0.000256537949747
2.844070839 5.72093823659e-05
2.845124199 2.29269295578e-05
2.846177948  0.00303865281627
2.847232088 0.000282814527166
2.848286619  0.00026738994722
 2.84934154 0.000183101345719
2.850396851  0.00206272928541
2.851452554 0.000770342631613
2.852508647 0.000277463792047
2.853565132 0.000957501624887
2.854622008  0.00275423155084
2.855679275 2.30126088117e-05
2.856736934  1.5141194663e-05
2.857794985 2.12617021279e-06
2.858853428 8.26367660847e-06
2.859912262 0.000230568757726
2.860971489 9.78509589916e-05
2.862031108 0.000519897441389
 2.86309112 4.90492351269e-06
2.864151524 3.67881465828e-05
2.865212321 0.000487336054234
 2.86627351 0.000534744273025
2.867335093 0.000971380146195
2.868397069 0.000322860612756
2.869459438 0.000247369799401
2.870522201 9.05073584905e-06
2.871585358   0.0013571703124
2.872648908 6.71398213471e-06
2.873712852 0.000300582935583
 2.87477719  1.0630857654e-05
2.875841922 2.16031464959e-05
2.876907049 5.47385936533e-05
 2.87797257 0.000420621970974
2.879038486 4.81892524419e-05
2.880104796 0.000100931220871
2.881171502  0.00010751253376
2.882238602 3.20591850349e-05
2.883306098 0.000644450773362
2.884373989 0.000475658094591
2.885442276 1.72874494678e-05
2.886510958 3.38359003988e-06
2.887580036 4.16969328054e-05
 2.88864951  0.00023952172039
2.889719381 3.69535074084e-05
2.890789647 0.000118922236224
 2.89186031 0.000158310347717
2.892931369 0.000180903410499
2.894002825  0.00018746718228
2.895074678 0.000130199021062
2.896146928 0.000354581913551
2.897219575 4.90100314287e-06
2.898292619 0.000313095025884
2.899366061 9.59570895581e-05
  2.9004399 9.93894702868e-05
2.901514137  0.00124335899201
2.902588772 9.26542840444e-05
2.903663805 8.56218334069e-06
2.904739236 0.000432803086799
2.905815065 0.000364948656837
2.906891293 0.000100413182002
 2.90796792 0.000111872861501
2.909044945  3.1898526238e-05
2.910122369  2.7431381446e-05
2.911200192 4.70727292003e-05
2.912278414 9.15520465258e-05
2.913357036 1.26830449977e-05
2.914436057 0.000251899222058
2.915515478 2.04266459484e-05
2.916595298 2.25043289941e-05
2.917675519 0.000168099113643
2.918756139   3.609097388e-05
 2.91983716 1.51691292285e-05
2.920918581 5.81909140711e-06
2.922000403 0.000257951182443
2.923082625 0.000122149570851
2.924165249 0.000248650817943
2.925248273 2.39787094032e-05
2.926331698 5.92285275064e-05
2.927415525 1.85370043357e-05
2.928499753 6.19328470768e-05
2.929584382 6.79297263172e-06
2.930669413 0.000142182236906
2.931754847 0.000125345241472
2.932840682 1.52091740428e-05
2.933926919 0.000166865098485
2.935013559 4.07719943395e-06
2.936100601 1.59681423942e-05
2.937188045 8.20956093088e-05
2.938275893 0.000194919919646
2.939364143 1.95373865773e-05
2.940452796  8.8852615431e-06
2.941541853 0.000385384554511
2.942631313  5.8852271243e-06
2.943721176 0.000207466171886
2.944811443 4.68310141513e-05
2.945902114 1.50538382668e-05
2.946993189  0.00029367602068
2.948084668   0.0003732631163
2.949176551 7.51117151671e-06
2.950268839 6.84002962706e-05
2.951361531 7.22188071075e-05
2.952454628 5.92395604266e-05
 2.95354813 1.45182599804e-05
2.954642036 9.14541373068e-05
2.955736348 2.39182170543e-05
2.956831066 0.000339356029572
2.957926188 6.46620304884e-06
2.959021716 6.77868098874e-06
 2.96011765 0.000110105838006
 2.96121399 1.24735118201e-05
2.962310736  2.3112784259e-05
2.963407888 5.76837985276e-05
2.964505447 4.34193567037e-06
2.965603412  0.00018127028568
2.966701783 5.57446388921e-05
2.967800562 5.05266191684e-05
2.968899747 6.03564618525e-05
 2.96999934 4.32244125001e-05
2.971099339 0.000118497734188
2.972199747 1.40375039476e-05
2.973300561 2.19363775458e-05
2.974401784 5.83209937036e-05
2.975503414 8.27314907626e-05
2.976605452 2.33116716081e-05
2.977707899 0.000161249641856
2.978810754 2.12502728371e-05
2.979914017 1.87396895649e-05
2.981017689 5.87779102167e-05
2.982121769 3.71023589761e-06
2.983226259 2.68669622037e-06
2.984331157 1.59392223072e-05
2.985436465 2.31142623505e-05
2.986542182 3.38719823041e-05
2.987648309   0.0001577034134
2.988754846 6.03676758415e-05
2.989861792 1.99601953225e-05
2.990969148 5.69217530489e-06
2.992076914 2.85618461025e-05
2.993185091 0.000165637318135
2.994293678 7.01437321502e-05
2.995402676 4.78161758014e-05
2.996512084 9.38859229805e-05
2.997621903 4.27375424921e-05
2.998732134 9.49777935837e-05
2.999842775 0.000157622585736
3.000953828 1.76207886872e-05
3.002065293 0.000120906413007
3.003177169 3.01168939083e-06
3.004289456 0.000182440939667
3.005402156 4.90820690389e-05
3.006515268 0.000189012128262
3.007628792 4.40029074462e-06
3.008742729   2.648639822e-05
3.009857078 0.000175061855295
 3.01097184 4.97575092465e-06
3.012087015 0.000213614903541
3.013202603  6.7025747806e-05
3.014318604 0.000146223285772
3.015435018 1.34882786716e-05
3.016551846 2.19543768659e-05
3.017669087  7.0480360742e-05
3.018786742 3.21019649436e-05
3.019904811 5.81082903117e-06
3.021023295 1.09630515899e-05
3.022142192 7.24759434443e-05
3.023261504  0.00010982626394
3.024381231  2.2763333079e-05
3.025501372 0.000139174370093
3.026621928 5.25380970535e-05
3.027742899 0.000187753836373
3.028864285 1.00241359613e-05
3.029986087 2.66714528308e-05
3.031108304  0.00023137743874
3.032230937 1.20206789345e-05
3.033353985  0.00022707969759
3.034477449 5.41946688974e-05
 3.03560133 2.75440447897e-06
3.036725627 0.000219835358703
 3.03785034 2.58957684408e-05
 3.03897547  0.00020070876882
3.040101016 1.79334519958e-05
 3.04122698 1.75783787077e-05
 3.04235336  0.00018130837432
3.043480157 3.15829333358e-05
3.044607372 1.59086874962e-05
3.045735005 0.000109303954456
3.046863055 4.43478459628e-05
3.047991523  8.5716771287e-05
3.049120408  1.8070976821e-05
3.050249712 4.27167392183e-05
3.051379434 7.09502081851e-05
3.052509575 2.75460347627e-05
3.053640134 7.45839485306e-05
3.054771112 3.21740379684e-05
3.055902508 1.32834197731e-05
3.057034324 3.08139233717e-05
3.058166559 4.56243514207e-05
3.059299213 1.72086737851e-05
3.060432287 3.93994235074e-05
3.061565781 6.54409534632e-06
3.062699694 4.79671611352e-05
3.063834027 2.40483853908e-06
 3.06496878 1.87359739661e-05
3.066103954 5.13768627732e-06
3.067239548 2.78868456417e-05
3.068375563 1.88480241665e-06
3.069511998 1.17121810548e-05
3.070648854 1.89876941333e-05
3.071786132 1.71646193383e-05
 3.07292383 2.41863037718e-05
 3.07406195 4.55307932623e-06
3.075200492 1.46634560382e-06
3.076339455   7.541503407e-06
 3.07747884  1.3090833292e-06
3.078618647 2.77312934895e-06
3.079758876 6.28258935057e-06
3.080899527 4.61201511582e-06
3.082040601 3.15437418989e-06
3.083182098 1.32355813644e-06
3.084324017 1.85742168939e-06
3.085466359 3.99524032362e-06
3.086609125  7.2106669624e-07
3.087752313 1.37101565702e-06
3.088895925 1.67392688679e-06
3.090039961 1.41801091246e-05
 3.09118442 4.84299310517e-06
3.092329303 7.23951313306e-06
 3.09347461 1.14247914954e-06
3.094620342 1.82790371292e-06
3.095766497 3.98684120447e-06
3.096913077 2.30052639715e-06
3.098060082 3.81697220879e-06
3.099207512 1.24292627909e-06
3.100355367 1.01972064501e-05
3.101503646 1.06836284965e-06
3.102652351 3.57567874932e-07
3.103801482 6.29896758357e-06
3.104951038 2.05817967852e-06
 3.10610102 1.14629833513e-05
3.107251428 1.60655638994e-06
3.108402262 3.34510724503e-07
3.109553522 7.34239546323e-06
3.110705208 1.14917156238e-06
3.111857321 1.36946924863e-05
3.113009861  1.8328434872e-06
3.114162827 2.18082383946e-06
3.115316221 3.30495886184e-06
3.116470042 9.42281487944e-07
 3.11762429 1.17407923164e-06
3.118778966 2.91814232857e-07
3.119934069 3.36239320798e-06
  3.1210896 4.73124489086e-07
3.122245559 6.11857451291e-07
3.123401947 3.91608572417e-06
3.124558762  2.4109372765e-07
3.125716006 5.94893196113e-06
3.126873679 2.34806318887e-06
 3.12803178 6.96812138841e-07
 3.12919031  9.1382361137e-06
 3.13034927 1.72887313741e-06
3.131508658 7.12819576966e-06
3.132668476 2.41108377487e-07
3.133828724 1.78956129593e-06
3.134989401 5.77269794708e-06
3.136150508 5.74454302513e-07
3.137312046 4.41812436452e-07
3.138474013 4.92575882447e-06
3.139636411 2.69604199567e-06
3.140799239 4.55422964763e-06
3.141962498 7.64625388461e-07
3.143126188 1.13473246738e-06
3.144290309 3.45885086037e-06
3.145454861 9.41958541414e-07
3.146619844 1.10362141462e-05
3.147785259 8.72913806299e-07
3.148951105 1.26271322497e-06
3.150117383 1.84910189214e-06
3.151284094 1.65110048792e-06
3.152451236  1.1546675061e-06
 3.15361881 1.23377097797e-06
3.154786817  3.7796798408e-07
3.155955257  1.5060788778e-07
3.157124129 1.56782219274e-06
3.158293434 8.22727361768e-07
3.159463173 2.72102741626e-06
3.160633344 3.12572545464e-06
3.161803949  1.1633452021e-06
3.162974988  2.1647041719e-06
 3.16414646  6.9897380036e-07
3.165318366 2.19179299137e-07
3.166490706 5.52014074888e-07
 3.16766348 8.97717900404e-07
3.168836689 3.32268513626e-07
3.170010332  2.5659796015e-07
 3.17118441 2.03202326892e-07
3.172358923 1.67607566284e-07
3.173533871 4.53600065747e-07
3.174709254 1.24589089503e-07
3.175885072 3.87301153232e-07
3.177061326 8.65037404323e-07
3.178238015 1.66129139783e-07
 3.17941514 1.93015466246e-06
3.180592701 5.86277568466e-07
3.181770699 1.22345111899e-06
3.182949132 1.18426391914e-07
3.184128002  5.1807215264e-07
3.185307309 7.01009478053e-07
3.186487052 1.57271261364e-07
3.187667233 1.55773157464e-07
 3.18884785 1.74639445211e-07
3.190028905 1.11353398245e-07
3.191210397 1.95212120708e-07
3.192392327 1.01960489017e-05
3.193574695 3.22561176353e-07
  3.1947575 1.15275880379e-07
3.195940744 5.29240569558e-08
3.197124425 4.48699217338e-07
3.198308545 4.88698220505e-06
3.199493104 2.44435452012e-06
3.200678102 3.06559097877e-07
3.201863538 8.66688357536e-07
3.203049413 4.54571366033e-06
3.204235728 1.15074322347e-07
3.205422482 2.82307187768e-07
3.206609675 1.66144012595e-06
3.207797309 1.77925871514e-07
3.208985382 2.32259519641e-07
3.210173895 4.89426602845e-06
3.211362848 4.48727740864e-06
3.212552242 4.38929198938e-06
3.213742076  7.7175209521e-07
3.214932351 3.42874409356e-07
3.216123066 2.87347743171e-07
3.217314223 7.53795515899e-07
3.218505821  1.5947034765e-06
 3.21969786 5.47136426374e-07
3.220890341 1.04694103522e-05
3.222083263 1.10396972361e-05
3.223276627  5.6872967144e-06
3.224470434 6.97517223166e-06
3.225664682 5.63038715589e-07
3.226859372 1.35523831088e-06
3.228054506 5.09643382491e-07
3.229250081 2.30390563667e-07
  3.2304461 3.35638987331e-05
3.231642561 5.16234575942e-05
3.232839466 1.21413917176e-06
3.234036814 3.81913126929e-07
3.235234605 1.68004886708e-06
 3.23643284 2.58905080685e-06
3.237631519 1.06324604226e-06
3.238830642   1.152253859e-06
3.240030209 6.05239779373e-07
 3.24123022 0.000268201558073
3.242430676 4.03679515054e-07
3.243631576 1.98766160119e-06
3.244832921  1.9433192186e-06
3.246034711 1.90596235803e-06
3.247236946 6.31060759976e-06
3.248439626 3.08802635453e-06
3.249642752 3.26583390221e-06
3.250846324 0.000371484388238
3.252050341 2.52493129454e-06
3.253254804 2.25166124765e-06
3.254459713 2.63983159461e-06
3.255665069 1.55866704558e-06
 3.25687087 3.47422245665e-06
3.258077119 4.31905169069e-06
3.259283814 3.19491075735e-06
3.260490956 0.000952741586727
3.261698546 3.13885771264e-06
3.262906582  4.2820181125e-06
3.264115066 1.16629194134e-05
3.265323997 4.97638535443e-06
3.266533377 9.00745820585e-06
3.267743204 9.51277804569e-06
3.268953479 7.43104043364e-06
3.270164203 0.000748828531695
3.271375375 0.000631517612527
3.272586995 1.01558420502e-05
3.273799064 1.87659143303e-05
3.275011583 2.11472996269e-05
 3.27622455 2.53728705106e-05
3.277437966 1.50980546792e-05
3.278651832 1.17904653538e-05
3.279866148 2.11583233855e-05
3.281080913 0.000863572166138
3.282296128 1.88712643966e-05
3.283511793 3.06365886664e-05
3.284727909 3.93706404832e-05
3.285944475 3.10364414381e-05
3.287161491 2.66979177133e-05
3.288378958 3.55930507377e-05
3.289596876 1.97751912504e-05
3.290815246 3.72048949124e-05
3.292034066 0.000545447163107
3.293253338 6.83407806016e-05
3.294473062 5.36672947269e-05
3.295693237 4.72240102889e-05
3.296913864 4.32484177855e-05
3.298134943 6.28586292309e-05
3.299356475 4.28477956645e-05
3.300578458 4.92122087413e-05
3.301800895 0.000733448672522
3.303023784 6.48840628041e-05
3.304247126 8.90083060435e-05
3.305470921 5.49836543009e-05
 3.30669517 9.57176797715e-05
3.307919872 0.000149441839805
3.309145027 9.50511882272e-05
3.310370637 0.000102474705199
  3.3115967 0.000107137883701
3.312823217  0.00167911342019
3.314050189  0.00141506799595
3.315277615 0.000507307490329
3.316505495 0.000210075480044
3.317733831 0.000121574057318
3.318962621   0.0001421357246
3.320191866 0.000147506612909
3.321421567 0.000161664874656
3.322651723 0.000366059304922
3.323882335  0.00047721320107
3.325113402   0.0001774088412
3.326344926 0.000336170499661
3.327576906 0.000274624992789
3.328809341  0.00014201165633
3.330042234 0.000231595794151
3.331275583 0.000184473450505
3.332509389 0.000233128454278
3.333743651 0.000393654491224
3.334978371  0.00050468149491
3.336213548 0.000199528288517
3.337449183  0.00068416374666
3.338685275 0.000192852809942
3.339921825 0.000145075485773
3.341158833 0.000425093963257
  3.3423963 0.000262582553569
3.343634224 0.000233698632443
3.344872607 0.000474693029062
3.346111449 0.000951216213675
 3.34735075  0.00016328314689
3.348590509 0.000608614581363
3.349830728 0.000134969094312
3.351071406 0.000138680288034
3.352312543 0.000537680764503
3.353554141 0.000463742857775
3.354796198 0.000243587379876
3.356038715   0.0004141531386
3.357281692     0.00065142042
 3.35852513 0.000175609211104
3.359769028 0.000430432901279
3.361013387 0.000181606205147
3.362258207 0.000200621035216
3.363503487 0.000323896673787
 3.36474923 0.000267970020033
3.365995433 0.000169222050808
3.367242098  0.00021529441542
3.368489225  0.00033006340732
3.369736813 0.000280992649304
3.370984864 0.000158141125126
3.372233377 0.000202495148592
3.373482352 0.000158359507429
 3.37473179 0.000145695414585
3.375981691 0.000108588148227
3.377232054 0.000112890184726
3.378482881 0.000123067327309
3.379734171 0.000125447973639
3.380985924  0.00026242107677
3.382238141 8.49512104295e-05
3.383490822 8.55723318561e-05
3.384743967 8.79312679416e-05
3.385997576 8.81306434531e-05
3.387251649 5.98689144664e-05
3.388506187 4.70617271865e-05
3.389761189 4.94272965566e-05
3.391016656  5.1655226622e-05
3.392272588 9.20411297292e-05
3.393528985 3.55585729155e-05
3.394785848 4.40380330099e-05
3.396043176 3.89664270595e-05
 3.39730097 3.24998479383e-05
3.398559229 2.53549762598e-05
3.399817955 2.16238354708e-05
3.401077147 1.98548013369e-05
3.402336805 2.52368219599e-05
 3.40359693  2.5721231171e-05
3.404857521 2.05351731241e-05
 3.40611858 8.33392669779e-06
3.407380105 1.36968500131e-05
3.408642098  9.8341402581e-06
3.409904558 8.82247080509e-06
3.411167485 8.17173776023e-06
3.412430881 8.75038352169e-06
3.413694744 7.46524910696e-06
3.414959075 7.49732826918e-06
3.416223875 1.08290152595e-05
3.417489143 1.23181621315e-05
 3.41875488 9.18444768842e-06
3.420021085 1.62314087348e-05
 3.42128776 7.98073649665e-06
3.422554903 1.54087814571e-05
3.423822516 1.63913857933e-05
3.425090599 1.59819160402e-05
3.426359151 3.00012601716e-05
3.427628173 1.65156815996e-05
3.428897665 3.81022560783e-05
3.430167627 3.82473754942e-05
3.431438059 2.86513533774e-05
3.432708962 4.17392310868e-05
3.433980336 7.23610221184e-05
 3.43525218 1.77097147946e-05
3.436524496 8.39564000471e-05
3.437797283 7.53792868347e-05
3.439070541 1.12315924063e-05
3.440344271 0.000108055086177
3.441618473 8.21442040517e-05
3.442893146 9.27937614307e-06
3.444168292 8.42230804565e-05
 3.44544391 6.23691370308e-05
    3.44672 5.79860008782e-05
3.447996563 2.72747498003e-06
3.449273599 3.63663412366e-05
3.450551107 2.46264765302e-05
3.451829089 7.43309487687e-05
3.453107544 0.000152099180017
3.454386473 0.000155797837242
3.455665876 2.53291249217e-05
3.456945752 1.79111158945e-05
3.458226102 4.54441074876e-05
3.459506927 4.57773013206e-05
3.460788225 5.77401204609e-05
3.462069999 2.81532302431e-05
3.463352247 7.62028447201e-05
 3.46463497 8.25517003302e-05
3.465918168 9.27521115927e-05
3.467201842 0.000102854167077
 3.46848599 7.82578237757e-05
3.469770615 0.000123754879295
3.471055715 5.43815935632e-05
3.472341291 7.88712558428e-05
3.473627344 4.33834272531e-05
3.474913872 5.03333060274e-05
3.476200877 3.57733089497e-05
3.477488359 3.48981218392e-05
3.478776318 3.28084709152e-05
3.480064754 3.28110353848e-05
3.481353666 1.97776819363e-05
3.482643057 5.81906152726e-05
3.483932924 3.09300699026e-05
 3.48522327 4.77158825199e-05
3.486514093 6.61690026789e-05
3.487805395 9.45529807975e-05
3.489097175 0.000106152472939
3.490389433 0.000101033944828
 3.49168217 9.96434568561e-05
3.492975385 0.000130811071208
 3.49426908 0.000141659615566
3.495563254 0.000118982568172
3.496857907 0.000175575132607
3.498153039 0.000190445500526
3.499448652 0.000182938267275
3.500744744 0.000211016780686
3.502041316 0.000222415569632
3.503338368 0.000196648945383
3.504635901 0.000222509229574
3.505933914 0.000256456781238
3.507232408 0.000148165313519
3.508531383 0.000161544749295
3.509830839 0.000110349497126
3.511130777  7.4614440773e-05
3.512431195 3.36368404136e-05
3.513732096 6.23664930131e-05
3.515033478 0.000146862700391
3.516335342 0.000671297053066
3.517637689 7.41560774874e-05
3.518940518 0.000138008073687
3.520243829 0.000101734121985
3.521547623 0.000105788409501
  3.5228519 6.98638430187e-05
 3.52415666 0.000221356501862
3.525461903 0.000115788390007
 3.52676763 0.000176133097645
 3.52807384 0.000415148207919
3.529380534 0.000230880924719
3.530687712 0.000283358545019
3.531995374 0.000227360441284
 3.53330352 0.000244019551767
3.534612151 0.000209500366568
3.535921267 0.000200994241385
3.537230867 0.000172759966041
3.538540953 0.000169818208729
3.539851524 0.000136268999208
 3.54116258 0.000148891781958
3.542474121 8.22886089422e-05
3.543786149  0.00011570531135
3.545098662 9.49422027805e-05
3.546411662 8.60147073316e-05
3.547725148 7.67827448519e-05
 3.54903912 6.13092213867e-05
3.550353579  5.6440700705e-05
3.551668524 5.62070056859e-05
3.552983957 4.66782959442e-05
3.554299877 3.50362807491e-05
3.555616285  3.6625613854e-05
 3.55693318 2.13449286762e-05
3.558250562 3.11656084728e-05
3.559568433 2.75740671535e-05
3.560886791 2.33891895979e-05
3.562205638 3.78927028347e-05
3.563524974 1.94620858919e-05
3.564844798 3.59361879358e-05
3.566165111 3.15035507649e-05
3.567485913 3.08755289746e-05
3.568807204 5.94268902487e-05
3.570128984 0.000162065433144
3.571451254 4.31403801004e-05
3.572774014  3.0455586004e-05
3.574097264 4.85303512257e-05
3.575421003 5.04727756462e-05
3.576745233 4.67410743245e-05
3.578069954 4.67865049265e-05
3.579395165 9.81558839368e-05
3.580720867 1.90463113993e-05
 3.58204706 0.000123326915905
3.583373744 1.19237687244e-05
3.584700919 7.05377765551e-05
3.586028586 3.45145893952e-05
3.587356745 5.31052048929e-06
3.588685396 7.05043437467e-05
3.590014538 6.00719925151e-06
3.591344173 4.90483219765e-05
3.592674301 1.56362451786e-05
3.594004921 3.91196361335e-05
3.595336034 8.21853810236e-05
 3.59666764 8.90677202429e-05
3.597999739 3.36532555059e-05
3.599332331  1.2051903893e-05
3.600665418 5.01495797084e-05
3.601998997 7.63447415392e-06
3.603333071 4.47240715388e-05
3.604667639 5.00673014546e-05
3.606002701 9.47755847851e-06
3.607338257 0.000108265880541
3.608674309 1.63408346849e-05
3.610010855 6.02184695835e-05
3.611347896 7.07482167424e-05
3.612685432 5.66728954747e-05
3.614023464 6.56579903769e-05
3.615361991 6.76701730981e-05
3.616701014 6.59155066947e-05
3.618040533  2.0576283702e-05
3.619380548 4.63142405597e-05
3.620721059 4.62673812154e-05
3.622062067 5.32880439516e-05
3.623403571 3.89835967706e-05
3.624745573 3.34900639984e-05
3.626088071 1.69297632272e-05
3.627431067 3.15054130731e-05
 3.62877456 2.66135513738e-05
 3.63011855 3.81248929003e-05
3.631463038 2.41171839754e-05
3.632808025 5.91555875817e-06
3.634153509 4.11652277314e-05
3.635499492 8.97845950093e-06
3.636845973 2.67646970805e-05
3.638192953 1.55667057094e-05
3.639540432 1.78916744198e-05
 3.64088841 9.46346914305e-06
3.642236887 1.61379406429e-06
3.643585864  1.1229786872e-05
 3.64493534 2.64876411533e-06
3.646285316  7.6577838144e-06
3.647635792 4.10554804005e-06
3.648986768 8.83175400649e-07
3.650338245 6.15898344471e-06
3.651690222 2.96198801131e-06
  3.6530427  4.6114811883e-06
3.654395679 1.46062617939e-06
3.655749159 5.29017633389e-06
 3.65710314 3.86304800436e-06
3.658457623  2.2426497021e-06
3.659812607 5.13905401031e-06
3.661168093 6.62432278354e-06
3.662524081 5.40433577984e-06
3.663880572 1.02523440268e-05
3.665237564 8.47621974265e-07
 3.66659506 3.58662503321e-07
3.667953058 4.49503277487e-06
3.669311559 7.96258953739e-07
3.670670563  1.0320203677e-06
3.672030071 3.67248291342e-06
3.673390082 8.20411122538e-07
3.674750597 4.34174841113e-06
3.676111616 1.45001706016e-07
3.677473139 5.12924918704e-07
3.678835166 4.06261624137e-06
3.680197697 2.06801873738e-07
3.681560733 1.94844149283e-06
3.682924274 1.83777852895e-06
 3.68428832 1.87425579801e-07
3.685652872 2.73836017849e-06
3.687017928 8.77257780637e-07
 3.68838349 2.12590440858e-06
3.689749558  2.7824692116e-05
3.691116132 1.65440372523e-05
3.692483212 1.51844795085e-05
3.693850799 4.91208905121e-06
3.695218892   8.092188716e-06
3.696587491 2.04514141976e-06
3.697956598 8.02479721261e-06
3.699326211 5.48298642224e-07
3.700696332 8.40020804951e-06
 3.70206696 2.91820474573e-06
3.703438096 6.81376257114e-06
 3.70480974 3.20968478208e-06
3.706181892 8.57532412556e-06
3.707554552 5.15571065538e-06
 3.70892772 6.80689417215e-06
3.710301397  4.8031080207e-06
3.711675583 6.69440863523e-06
3.713050277 1.42102572842e-06
3.714425481 4.42304819241e-06
3.715801194 5.67850468053e-06
3.717177417  7.6985358055e-07
3.718554149  3.7641682382e-06
3.719931392 1.95796224349e-06
3.721309144 3.51948059004e-06
3.722687407 3.54525592077e-06
 3.72406618  2.5976435056e-05
3.725445463  6.8505115146e-06
3.726825258 4.09610558964e-06
3.728205564  5.5606641935e-06
3.729586381 1.70474853104e-06
3.730967709 1.55557595912e-06
3.732349549 1.33451071683e-06
  3.7337319 2.84775531581e-07
3.735114764 1.00426336697e-05
 3.73649814  8.3560507597e-07
3.737882028 1.44286413751e-05
3.739266429 6.97179695254e-07
3.740651342 1.14809848613e-06
3.742036769 7.83104991604e-06
3.743422708 1.41658730233e-06
3.744809161 7.70579195534e-06
3.746196128 3.49261741136e-06
3.747583608 3.46610560581e-06
3.748971602 4.98297840156e-06
 3.75036011 4.07498296169e-06
3.751749132 6.75183139904e-06
3.753138669 3.74277645546e-07
 3.75452872 4.22962473306e-06
3.755919286 2.59948897443e-06
3.757310367 1.94033283217e-06
3.758701964 3.12397504236e-06
3.760094076 7.61355265889e-07
3.761486703  3.2442756058e-06
3.762879846 9.83093841808e-07
3.764273505 1.03811276365e-06
3.765667681 2.09411232583e-06
3.767062373 4.16415022053e-06
3.768457581 1.58414854622e-06
3.769853306 8.48169072791e-07
3.771249548  3.1317241723e-06
3.772646307 1.32153391354e-06
3.774043583 2.65758076459e-06
3.775441377 8.71380427427e-07
3.776839689 1.95673257487e-06
3.778238518 1.69357971512e-07
3.779637866 6.39335147095e-07
3.781037732 1.66611308167e-06
3.782438116  1.0172512746e-06
3.783839019 1.01154637784e-06
3.785240441 8.94878401537e-07
3.786642382 2.15248255959e-07
3.788044842 6.89628095933e-07
3.789447822 7.33987763437e-07
3.790851321 5.00181238464e-07
 3.79225534  3.7990908068e-07
3.793659879 6.45439259137e-07
3.795064938 2.36046372805e-07
3.796470518 2.41242920872e-07
3.797876618 1.05190763391e-06
3.799283239  2.9744027192e-07
3.800690381 4.71699306257e-07
3.802098044 5.35265344361e-07
3.803506228 2.81125791841e-07
3.804914934 2.61780682136e-07
3.806324162 1.13675008595e-06
3.807733912  3.1498319658e-07
3.809144184 1.09306861539e-06
3.810554978 1.34302210598e-07
3.811966295 3.53944267381e-07
3.813378134 1.50108953892e-06
3.814790496 9.11010242719e-08
3.816203382 1.01712017412e-07
 3.81761679 2.86910937295e-06
3.819030722 5.91262080975e-07
3.820445178 1.36119051904e-07
3.821860158 2.47624865323e-06
3.823275662 1.99315866954e-07
 3.82469169 1.64644130098e-07
3.826108242  2.4675547507e-06
3.827525319 1.95885537321e-07
3.828942921 5.62509021662e-07
3.830361048 2.35813252618e-06
  3.8317797 2.94117151433e-07
3.833198878 9.26398170913e-08
3.834618581  3.5488778849e-06
 3.83603881 2.24193113908e-07
3.837459566 1.79543572484e-07
3.838880847 1.58732854554e-06
3.840302655  1.2630755657e-06
3.841724989 2.66592166817e-07
 3.84314785 3.89239604103e-07
3.844571238 5.14696982155e-07
3.845995153  5.6605222378e-07
3.847419596  2.9778112807e-05
3.848844566 1.42977190814e-05
3.850270064 5.36370101894e-06
 3.85169609 4.01161102141e-06
3.853122644 3.82476706579e-07
3.854549727 1.02287029273e-07
3.855977338 4.00069777284e-06
3.857405478 1.22813738823e-06
3.858834146  4.3601623999e-07
3.860263344 5.18502287039e-06
3.861693071  9.8195119761e-08
3.863123328 2.91632597501e-07
3.864554114 5.30743096601e-06
3.865985431 7.20235678359e-08
3.867417277 1.66216701497e-07
3.868849654 9.88342424651e-07
3.870282561 4.17233589362e-06
3.871715999 3.45370029805e-07
3.873149968 2.50034375026e-07
3.874584468 6.03681265642e-06
3.876019499  1.2378848597e-07
3.877455062 7.41100329854e-07
3.878891157 3.94414513206e-06
3.880327783 9.50529669177e-07
3.881764941 2.47597246877e-07
3.883202632 3.74523933714e-06
3.884640855 3.98084644085e-07
3.886079611 4.34704373358e-08
  3.8875189  2.4826444621e-06
3.888958722 3.89849743515e-07
3.890399077 2.08239516412e-07
3.891839965 1.56924185807e-07
3.893281388 3.01751155538e-06
3.894723344 7.37140911762e-07
3.896165834  2.4432955413e-07
3.897608858 1.22539257409e-06
3.899052417 3.91547563749e-07
3.900496511 3.86938497955e-07
3.901941139 1.99111554777e-06
3.903386302  2.0066092705e-06
3.904832001  3.5675791272e-07
3.906278235 5.06163377788e-08
3.907725005 8.39075438295e-07
 3.90917231 3.54162713425e-07
3.910620152 1.01126921195e-06
 3.91206853 1.58637893645e-06
3.913517444 1.43359494921e-07
3.914966895 3.54791108347e-08
3.916416883 3.77206283066e-07
3.917867407 2.80052610196e-07
3.919318469 5.16882584749e-07
3.920770069 3.42596222159e-06
3.922222206 7.45403204617e-07
3.923674881 3.61269414521e-08
3.925128094 8.36371444297e-08
3.926581845 1.49524108466e-07
3.928036134 7.75746417184e-07
3.929490963 3.05183728194e-06
 3.93094633  6.3936241417e-08
3.932402236 6.92357889952e-07
3.933858681 7.70565857278e-07
3.935315666 1.91998278916e-07
 3.93677319 6.65910352609e-07
3.938231254 8.39801123517e-07
3.939689858 2.09350128727e-06
3.941149003  4.6836543106e-07
3.942608687   3.950033008e-07
3.944068913 1.59292324665e-07
3.945529679 7.06139641794e-07
3.946990986 8.04015158016e-07
3.948452835 1.09448089885e-07
3.949915225 4.45769134726e-08
3.951378156 3.04902160471e-07
 3.95284163 5.75818844834e-07
3.954305645 1.91741459844e-06
3.955770203 3.09422717349e-07
3.957235303    3.21430419e-06
3.958700946 5.74972250565e-07
3.960167131 8.19088496409e-07
 3.96163386 6.33971352672e-07
3.963101132 1.78500760368e-08
3.964568947 8.15073246037e-07
3.966037306 9.49439951091e-07
3.967506208 1.34627964438e-06
3.968975655 7.72452974178e-07
3.970445646 3.09130775094e-07
3.971916182 9.23405230732e-07
3.973387262 2.99766823444e-07
3.974858887 5.75644066287e-08
3.976331056 3.09019070773e-06
3.977803772 2.02678900671e-06
3.979277032 1.14223691299e-06
3.980750839 1.42134125446e-07
3.982225191 8.61087590281e-07
3.983700089 1.09773796835e-06
3.985175534 7.02074661769e-07
3.986651524 5.26898891495e-07
3.988128062 3.98079048746e-08
3.989605147 5.19074644452e-06
3.991082778 1.99187537953e-07
3.992560957  2.6569745861e-07
3.994039683 2.19357513889e-07
3.995518957 4.41140238591e-06
3.996998779 2.15545322743e-07
3.998479149 9.94636090381e-07
3.999960067 1.54511750203e-07
4.001441534 4.40081314485e-07
4.002923549 1.58426998575e-06
4.004406113 6.94051848255e-07
4.005889227  8.0300299962e-07
4.007372889 2.02089600616e-08
4.008857102 1.78208123452e-06
4.010341864 7.67284054821e-07
4.011827175 1.69119314838e-07
4.013313037 3.14133301658e-07
4.014799449  3.4519178885e-06
4.016286412 8.26213130798e-07
4.017773926 1.90821783382e-07
 4.01926199 3.48923591754e-07
4.020750606 1.27119059695e-06
4.022239773  7.0580834355e-07
4.023729491 1.62082371837e-06
4.025219761 3.69719451084e-07
4.026710583 1.81790981763e-06
4.028201958 7.28708502818e-08
4.029693884 1.12830815181e-06
4.031186363 1.37712773808e-06
4.032679395 1.74484618802e-07
 4.03417298  2.1334802859e-06
4.035667119  5.9447480434e-07
 4.03716181 6.22590736132e-07
4.038657055 5.48192017217e-07
4.040152854 2.41723286713e-07
4.041649207 1.09499296437e-06
4.043146114 1.71559287349e-06
4.044643576 6.34121184201e-08
4.046141592 3.49256634405e-06
4.047640163  4.0620337141e-06
4.049139289 1.45673645306e-07
 4.05063897 9.38412141455e-07
4.052139207 9.58730393947e-08
4.053639999 8.13141932254e-08
4.055141347 3.72709466632e-07
4.056643251 3.04661244622e-07
4.058145712 1.32341457814e-06
4.059648729 1.02800927854e-06
4.061152302 8.95407622193e-07
4.062656433 1.99895762701e-06
 4.06416112 2.32553164446e-06
4.065666365 1.23524444831e-06
4.067172168 6.74416580742e-07
4.068678528 1.17274639913e-08
4.070185446 5.70814861289e-08
4.071692922 6.60680175272e-07
4.073200956 3.37525110843e-07
4.074709549 4.24295230182e-07
4.076218701 4.95182222796e-07
4.077728411 6.96274450892e-07
4.079238681 5.76381977316e-07
 4.08074951 8.57530458023e-07
4.082260899 2.04995775173e-06
4.083772847 1.29207515004e-07
4.085285356 2.23590632675e-06
4.086798425 3.61376277779e-07
4.088312054 4.29009247039e-08
4.089826243 1.72484450313e-06
4.091340994 9.60005271663e-08
4.092856305 1.41540578496e-07
4.094372178 1.79666485915e-07
4.095888612 1.83418776971e-06
4.097405608 3.08539673116e-07
4.098923165 1.77965819776e-06
4.100441285 1.26970712663e-06
4.101959967  6.2029963006e-07
4.103479212 5.69417964744e-08
4.104999019 3.07913044814e-06
4.106519389 3.47222101846e-08
4.108040322 5.65921901545e-08
4.109561818  3.7594113811e-07
4.111083878 9.53690324215e-08
4.112606502 1.50335775855e-06
4.114129689 4.29244896354e-07
4.115653441 1.10284199876e-06
4.117177757 1.43743215676e-07
4.118702638 1.18576255316e-06
4.120228083 5.17668363297e-07
4.121754094 4.17000519863e-07
4.123280669 1.71288067905e-07
 4.12480781 1.11421034594e-06
4.126335517 2.74351926179e-08
4.127863789 1.38182178003e-07
4.129392628 9.71306027508e-08
4.130922032 7.62609354768e-07
4.132452004  1.2949604832e-07
4.133982541 1.47665818978e-06
4.135513646 2.27114216399e-07
4.137045318 1.04905625001e-07
4.138577557 3.35972552608e-08
4.140110363 1.74020270989e-06
4.141643737 5.72050359038e-08
4.143177679 7.48328649666e-07
 4.14471219 2.27092539296e-07
4.146247268  6.8134012842e-08
4.147782915 3.53897391365e-08
4.149319131 7.81550159848e-08
4.150855916 2.62343043058e-07
 4.15239327 3.63500268023e-07
4.153931194 5.94603105301e-07
4.155469687 8.66673178382e-07
 4.15700875 2.79988330907e-08
4.158548382  3.6044002332e-07
4.160088586 5.40248185692e-07
4.161629359 5.33302722946e-08
4.163170703 6.52637189398e-07
4.164712618 4.99301678563e-07
4.166255105 5.67490939679e-07
4.167798162 6.38603236974e-08
4.169341791 3.60970311424e-07
4.170885992  2.1926771614e-07
4.172430764 7.32613090481e-08
4.173976109 3.55738281506e-08
4.175522026 8.91813838678e-07
4.177068516 3.06353702888e-08
4.178615578 2.49424626263e-07
4.180163213 2.30493042123e-07
4.181711422 1.28906532072e-06
4.183260204  2.1735092941e-08
 4.18480956 1.20577970236e-07
4.186359489 3.36011488244e-08
4.187909993 3.69642480604e-08
 4.18946107 1.26658798062e-07
4.191012723 3.31371581382e-07
 4.19256495 3.59106028206e-07
4.194117751 3.63110126136e-08
4.195671128 3.89085446042e-07
4.197225081  1.0079268277e-07
4.198779608 1.51506154283e-07
4.200334712 1.92446163133e-07
4.201890392 1.40089674582e-08
4.203446647 1.41897780936e-07
4.205003479 4.15799238538e-07
4.206560888 5.95273270294e-08
4.208118874  1.6139863068e-07
4.209677436 1.62390210737e-08
4.211236576 1.05588638849e-07
4.212796293 1.32694025485e-07
4.214356588 1.82771362773e-07
4.215917461 7.97048071654e-08
4.217478912 1.60756317458e-07
4.219040941 2.16787727172e-08
4.220603549 5.27626030993e-08
4.222166735 3.13319093536e-08
4.223730501 3.69368733606e-08
4.225294845 4.12095146124e-08
4.226859769  8.5246606224e-08
4.228425273 1.23476966739e-07
4.229991356 4.02937186502e-08
 4.23155802 8.57434427024e-07
4.233125264 1.11417222269e-07
4.234693088 4.45395565287e-08
4.236261493 6.03565471555e-08
4.237830478 4.34479525923e-08
4.239400045  1.4318044521e-07
4.240970193 1.41212481031e-08
4.242540923 4.99471192039e-08
4.244112235 7.80586707504e-08
4.245684128 7.75000048365e-08
4.247256604 2.30818252423e-08
4.248829662 6.75390766336e-07
4.250403302 3.91725282759e-07
4.251977526 1.20842765998e-07
4.253552332 2.09703853277e-08
4.255127722 3.32344958508e-08
4.256703695 2.75524862332e-07
4.258280252 3.92344477151e-08
4.259857393 3.85155509139e-08
4.261435118 2.29825087581e-08
4.263013427 8.46828684443e-08
4.264592321 6.53889919535e-08
  4.2661718 3.19073744483e-08
4.267751863 4.60166396151e-08
4.269332512  7.9691621429e-08
4.270913746 3.79292318112e-08
4.272495566  1.0717007981e-07
4.274077972 1.02904519574e-07
4.275660964 3.87099992473e-08
4.277244542 6.64466609515e-08
4.278828707 2.44091340416e-08
4.280413458 2.09406378116e-07
4.281998796 2.84332533117e-08
4.283584722 5.95200100094e-08
4.285171235 4.10625713481e-06
4.286758335 1.37264465179e-07
4.288346023 2.82568945744e-08
  4.2899343 3.84995496366e-08
4.291523164 5.77346317982e-08
4.293112617  8.6818749759e-08
4.294702659 6.26390079561e-08
 4.29629329 5.56944870225e-07
4.297884509 1.01639722842e-07
4.299476318 1.44197804908e-08
4.301068717 3.74646844658e-08
4.302661705 1.07267864728e-08
4.304255284 1.46924699324e-07
4.305849453 9.06945723235e-08
4.307444212 5.46993496343e-08
4.309039561 1.48902704909e-08
4.310635502 6.26033081136e-09
4.312232034 7.41112368803e-08
4.313829156 1.28082393734e-07
4.315426871 6.42272765173e-08
4.317025177 9.46906138198e-08
4.318624075 1.64566672622e-07
4.320223566 4.67866143405e-08
4.321823649 1.82741713248e-08
4.323424324 2.28863537477e-08
4.325025592 3.53634601713e-07
4.326627454 1.13195133982e-07
4.328229908 1.54910732898e-08
4.329832956 1.07059169252e-07
4.331436598 7.03252281137e-07
4.333040834 3.51092533632e-08
4.334645664 4.39166582327e-07
4.336251088  4.1662631129e-07
4.337857107 1.37364340872e-07
4.339463721 2.98992189647e-07
 4.34107093 4.64348280994e-08
4.342678734 1.43574703592e-07
4.344287133 3.40423593953e-07
4.345896129 1.85574791602e-08
 4.34750572  6.2065321582e-08
4.349115907 5.50877309126e-08
4.350726691 7.14074719453e-07
4.352338071 5.71628970408e-06
4.353950048 1.81485159739e-06
4.355562622 1.59994306018e-08
4.357175793 6.67992015853e-08
4.358789562 2.82572005224e-08
4.360403929 2.31069980598e-06
4.362018893 8.58925893966e-08
4.363634456 2.66517313816e-06
4.365250617 1.09073009268e-06
4.366867376 5.88932269257e-06
4.368484734 8.60721714007e-07
4.370102692 6.45773452582e-08
4.371721248 8.03128953075e-07
4.373340404 2.69373035067e-06
 4.37496016 2.94014309212e-07
4.376580516 1.41585413302e-07
4.378201471 4.30520840072e-07
4.379823027 2.95904967651e-08
4.381445184 8.14067209816e-09
4.383067942 6.19406655851e-08
  4.3846913 8.11371644181e-08
 4.38631526 3.50688873886e-07
4.387939821 9.16058424202e-07
4.389564984 7.49721817631e-08
4.391190749 4.98541470769e-07
4.392817116 4.40952687261e-06
4.394444085 8.27753865654e-07
4.396071657 1.54606034273e-05
4.397699832 1.44877150912e-05
4.399328609 3.44296028374e-05
 4.40095799 6.40423425411e-07
4.402587975 1.20980459289e-05
4.404218563 2.99531177854e-07
4.405849755 2.20768467073e-06
4.407481551 2.00462396334e-08
4.409113952 7.66476805441e-06
4.410746957 1.68724732834e-06
4.412380567 6.61883872244e-08
4.414014782 4.12606809981e-09
4.415649602 1.52258151534e-07
4.417285028 7.31791587372e-08
4.418921059 7.97385764851e-08
4.420557697 9.87711459633e-08
 4.42219494 4.69056670195e-05
 4.42383279 1.13127640892e-07
4.425471247 1.09523490622e-05
 4.42711031 2.60736589533e-05
4.428749981 3.49570490537e-06
4.430390259 2.30442497452e-05
4.432031144 1.50224811476e-07
4.433672637 0.000206887497974
4.435314738 9.51465643015e-07
4.436957447 1.40370663971e-08
4.438600765 8.17298790875e-06
4.440244691 3.53162423178e-06
4.441889226 3.97474399519e-06
 4.44353437 3.23238386233e-05
4.445180124 5.42751151101e-07
4.446826487 5.29379127743e-06
4.448473459 3.00351688853e-07
4.450121042 2.31053972873e-07
4.451769235 6.02638645227e-05
4.453418039 4.29026811556e-07
4.455067453 3.65621130909e-05
4.456717478 3.51349122931e-08
4.458368114 2.13208578699e-07
4.460019361 0.000278215551296
 4.46167122 7.09388473283e-08
4.463323691 4.48843197556e-08
4.464976774 1.08388661213e-06
4.466630469  5.2091103884e-07
4.468284777 3.38542590175e-08
4.469939697  8.7744782644e-05
 4.47159523 2.14220333368e-05
4.473251376 1.61508088987e-08
4.474908136 9.05471186157e-05
 4.47656551 6.47872597777e-08
4.478223497 0.000133818199713
4.479882098 9.23307626133e-06
4.481541314 4.43716401715e-08
4.483201144 2.16722429026e-07
4.484861589 1.17476535729e-08
4.486522649 4.38838598158e-09
4.488184324 2.62507208434e-05
4.489846614 1.84850319272e-05
 4.49150952  0.00010041243679
4.493173042 0.000228858262215
 4.49483718 0.000192228483324
4.496501935 3.98014851223e-08
4.498167306 4.49297161034e-08
4.499833294 1.21363594967e-06
4.501499899 9.98124894243e-07
4.503167121 2.72920236887e-06
4.504834961 1.77640533986e-07
4.506503418 4.23826654378e-05
4.508172493 0.000544072405196
4.509842187 9.04534610729e-07
4.511512499 1.80113917601e-06
4.513183429 4.92388595965e-07
4.514854979 3.49397236232e-05
4.516527147 0.000120701345112
4.518199935 2.28151990734e-06
4.519873343 4.19943787939e-08
 4.52154737 1.43417990328e-05
4.523222017 3.72006031978e-08
4.524897284 4.43241058173e-08
4.526573172 1.91516102291e-07
4.528249681 0.000553068691989
 4.52992681 1.89920629751e-07
4.531604561  0.00109915217866
4.533282933 2.08527952751e-05
4.534961927 4.20097866068e-08
4.536641542 1.84753346121e-08
 4.53832178 7.46878363493e-07
 4.54000264  5.1337845338e-05
4.541684122 2.46986015721e-06
4.543366227  4.9463637986e-08
4.545048956 2.70343922869e-08
4.546732307 3.68768920091e-06
4.548416282 0.000216976626214
4.550100881 1.31586505565e-08
4.551786103 3.73997790276e-08
 4.55347195 9.92532425533e-06
4.555158421 7.94891087926e-07
4.556845517 5.02331172451e-09
4.558533237 1.23491329381e-06
4.560221583 7.78850877134e-05
4.561910554 1.43623871163e-07
 4.56360015  1.8055960772e-05
4.565290373 1.27026139345e-06
4.566981221 0.000112060406226
4.568672696 3.79562989207e-06
4.570364797 1.50807053078e-07
4.572057524    7.50955751e-05
4.573750879 0.000115227203807
4.575444861 5.30617962944e-08
 4.57713947 0.000310974766131
4.578834707 2.49241572462e-06
4.580530571 0.000234508636241
4.582227064 4.68082606345e-07
4.583924185 6.95239985503e-07
4.585621935 8.36328312085e-06
4.587320314 0.000435321586415
4.589019321 4.66773012337e-05
4.590718958 3.71923513874e-05
4.592419224  7.5989429366e-07
 4.59412012 7.66561995056e-06
4.595821646 0.000748067846305
4.597523802 1.70443482462e-05
4.599226589 2.64291982695e-08
4.600930006 3.78932663552e-07
4.602634054  0.00119213397804
4.604338734 0.000273255129483
4.606044044 4.16443830098e-06
4.607749986 1.38621616628e-07
4.609456561 3.38784916857e-07
4.611163767  0.00173871833547
4.612871605 0.000140734173953
4.614580076 9.08632312137e-09
 4.61628918 2.76425769598e-06
4.617998917  0.00235624964096
4.619709286 3.46955723507e-05
 4.62142029 2.03879230742e-08
4.623131927 9.07069806813e-07
4.624844198 5.43725424782e-08
4.626557103  0.00317364315442
4.628270643 4.55060119217e-08
4.629984817 2.54955838118e-05
4.631699627 1.81588385458e-07
4.633415071  0.00303036568994
4.635131151 6.64946629026e-05
4.636847866  1.6198703421e-06
4.638565217 0.000184545536508
4.640283204 8.36836810986e-05
4.642001827  0.00323419795693
4.643721087 2.71011341089e-06
4.645440984 9.12490568473e-06
4.647161518  4.9219575088e-07
4.648882689 0.000900612441248
4.650604497  0.00253248790277
4.652326943 1.31035042344e-05
4.654050027 3.61338326969e-05
4.655773749 0.000236694666634
 4.65749811  0.00151701742845
4.659223109 1.82767519641e-08
4.660948748 0.000204072178475
4.662675025 0.000384081079738
4.664401942 2.58356772824e-07
4.666129498 1.36670483416e-08
4.667857694 0.000162363001898
 4.66958653 1.42363863075e-05
4.671316007 4.49434183639e-06
4.673046124 0.000106495133182
4.674776881  0.00162787399427
 4.67650828 4.73473715545e-05
 4.67824032 2.25965798142e-06
4.679973002  0.00114513761275
4.681706325 1.05852547178e-05
4.683440291  0.00309066133858
4.685174898 2.34883014512e-06
4.686910148 1.28468118392e-06
4.688646041 8.11002067758e-05
4.690382576 2.57590823768e-08
4.692119755  0.00398670571249
4.693857577 2.26777817272e-07
4.695596043  3.7863348223e-05
4.697335153 2.40689068441e-05
4.699074906 4.99264858486e-05
4.700815305  0.00405017374078
4.702556347 3.42689860044e-07
4.704298035 4.27117267386e-06
4.706040367 1.15467929012e-06
4.707783345 4.27084227269e-05
4.709526969  0.00357995861421
4.711271238  0.00016424690479
4.713016153 1.81398449373e-05
4.714761715 1.14224335388e-05
4.716507923 2.93538343062e-05
4.718254778  0.00331733822671
4.720002279 5.51116824464e-06
4.721750428 4.01443140486e-08
4.723499225 1.14953717841e-07
4.725248669 0.000492196062873
4.726998761  0.00260670195475
4.728749501 0.000817421241492
 4.73050089 0.000839590955577
4.732252927 1.04178970873e-06
4.734005614 2.40468927877e-05
4.735758949  0.00216833704204
4.737512934 4.39777553873e-05
4.739267568 3.38626658545e-05
4.741022853 4.29773886086e-05
4.742778787 1.08623818738e-05
4.744535372 1.32979358833e-05
4.746292607  0.00122074708682
4.748050493 3.01899720008e-07
 4.74980903 5.87350933905e-05
4.751568219 7.76806822438e-07
4.753328059  1.7971371651e-05
4.755088551  0.00100268151311
4.756849695 1.87683615973e-07
4.758611491 6.63939014532e-05
 4.76037394 6.36928889195e-08
4.762137041 1.18763245004e-05
4.763900796 0.000426211738179
4.765665203 0.000187711270976
4.767430265 8.42126147352e-06
4.769195979 5.42031946753e-05
4.770962348 6.69371523009e-05
4.772729371 0.000257483482172
4.774497049  0.00026499642907
4.776265381 0.000391853171779
4.778034368  0.00124150479416
4.779804011 0.000183461071502
4.781574309 0.000111930234476
4.783345262 0.000249986905356
4.785116871 4.11675046052e-06
4.786889137  4.5154933032e-05
4.788662059 1.19636533636e-06
4.790435637 1.07740712714e-06
4.792209873 1.19425644699e-07
4.793984765 6.41103901536e-05
4.795760315  0.00025137038596
4.797536523   1.237183945e-05
4.799313388  4.1432935758e-07
4.801090912 3.26307215429e-05
4.802869093  2.1931962711e-05
4.804647934 1.97989379775e-05
4.806427433 2.61865194171e-05
4.808207591 0.000760415834374
4.809988409 7.43789110208e-06
4.811769886 1.65521655893e-05
4.813552023 8.87990727797e-06
 4.81533482 0.000690853252609
4.817118278 9.09957414339e-06
4.818902395 1.19662799703e-06
4.820687174 1.70583645375e-06
4.822472614 0.000487048761457
4.824258715 0.000213776938118
4.826045477 5.64882441336e-05
4.827832901  3.6608595956e-05
4.829620988 4.01046169198e-05
4.831409736 8.65520759118e-07
4.833199147 1.40905439423e-06
4.834989221 7.48889570482e-06
4.836779958  0.00018141586762
4.838571358 2.38234277167e-05
4.840363421 2.48891885375e-06
4.842156148 7.52758035291e-08
 4.84394954 3.68757761603e-06
4.845743595 2.13647227794e-07
4.847538315 9.65273393159e-08
4.849333699 5.95071009907e-05
4.851129749 2.17521123339e-07
4.852926464 1.18356516073e-07
4.854723844 2.01375020564e-06
 4.85652189 7.97335911904e-05
4.858320601 1.08219160996e-05
4.860119979 8.73632948787e-06
4.861920024 6.30500902889e-06
4.863720735 2.31140678843e-05
4.865522113 2.12839571547e-06
4.867324158 5.98431947597e-05
4.869126871 0.000218594659732
4.870930251 7.36389826785e-06
4.872734299 6.00038397501e-06
4.874539016 0.000119105243658
4.876344401 6.44558522633e-06
4.878150454 5.94823562652e-06
4.879957177 1.93847200383e-05
4.881764568  0.00011974033323
4.883572629  7.4182218424e-06
 4.88538136 2.37072032055e-07
 4.88719076 8.06866041564e-08
4.889000831 6.15866129883e-07
4.890811572 3.40827068787e-07
4.892622984 5.99870542328e-06
4.894435066 1.75372587727e-05
 4.89624782 1.61325010287e-05
4.898061245 7.22990094657e-07
4.899875342 2.61304899708e-06
 4.90169011 0.000483623602326
4.903505551 0.000517266109434
4.905321664 8.77184619916e-06
 4.90713845 2.13065699277e-05
4.908955909  7.4095024687e-07
4.910774041 1.06848022722e-07
4.912592846 6.75413469258e-06
4.914412325 1.23667961667e-05
4.916232477 7.34215456484e-05
4.918053304 9.16004302274e-08
4.919874805 2.07235456836e-06
4.921696981 0.000259540683335
4.923519832 1.24660934319e-06
4.925343358 6.90013056731e-07
4.927167559 4.42885993581e-07
4.928992436 2.42042849193e-07
4.930817989 0.000133346648312
4.932644218 8.60359359941e-06
4.934471123 9.04484434708e-05
4.936298705 4.52336258807e-05
4.938126964 1.33896101745e-05
  4.9399559 4.90453881999e-06
4.941785513 1.27783866205e-06
4.943615804 3.83302068182e-06
4.945446773  0.00027952095831
 4.94727842 3.29114279257e-06
4.949110745 2.68636370278e-05
4.950943749 1.55177169529e-08
4.952777432 0.000394646056164
4.954611794 2.45675824927e-06
4.956446835 1.23827987783e-05
4.958282556 9.73580243992e-06
4.960118957 4.77550401357e-05
4.961956038 1.97439062264e-05
  4.9637938 1.70869195571e-05
4.965632242 2.08868976016e-05
4.967471365 1.87644722045e-06
4.969311169 2.76449745898e-06
4.971151655 3.96415040924e-05
4.972992822 6.09473274045e-06
4.974834671 9.80375434255e-07
4.976677203  2.2212035127e-07
4.978520416 7.22437613979e-06
4.980364313 0.000268262876088
4.982208892 3.09325243247e-05
4.984054155 7.82151402121e-05
4.985900101 2.13737503727e-05
 4.98774673 9.98033697081e-05
4.989594044 1.57907745686e-05
4.991442042 0.000921264772242
4.993290724 0.000526376103854
4.995140091 1.11101986251e-05
4.996990143 6.28169629138e-06
 4.99884088 5.87748252507e-07
5.000692303 4.63745900681e-06
5.002544411 8.07826066809e-05
5.004397205 3.43622707326e-06
5.006250685 1.27477586331e-07
5.008104852 8.52156028573e-06
5.009959706 8.21116656065e-06
5.011815247 3.99277511436e-05
5.013671475 5.79636717585e-07
 5.01552839  1.5920796148e-07
5.017385993 1.37058349233e-05
5.019244284 0.000274194979506
5.021103263  2.2452132703e-06
5.022962931 8.63119054969e-05
5.024823288 1.92246461053e-06
5.026684334 1.06064429976e-06
5.028546069 1.00517230812e-05
5.030408493 1.63794903801e-05
5.032271607 5.79897080716e-07
5.034135412 0.000249856082606
5.035999906 2.88858783606e-06
5.037865091 2.12767241739e-05
5.039730967 2.55693841248e-06
5.041597534 6.01489648877e-05
5.043464793 6.41330222032e-05
5.045332743  6.1720018885e-08
5.047201384 5.50070702751e-07
5.049070718 2.00487351776e-06
5.050940744 2.06255566003e-07
5.052811463 0.000131331374254
5.054682875 1.23055244056e-05
 5.05655498 6.92748077893e-07
5.058427778 4.88108098349e-06
 5.06030127 1.27349149156e-05
5.062175455 3.22271238895e-05
5.064050335  1.9657660671e-07
5.065925909 8.36151352865e-08
5.067802178 2.25297332123e-06
5.069679142 8.60549741895e-06
5.071556801 4.85070247134e-07
5.073435155 4.80060163531e-06
5.075314205 1.31476864728e-05
5.077193951 0.000565989562214
5.079074393 8.51374774187e-05
5.080955532 3.18571378087e-07
5.082837367 2.73049676493e-06
  5.0847199 4.01287289482e-06
5.086603129 5.12854213525e-07
5.088487056 1.47780196592e-05
5.090371681 8.00950133291e-06
5.092257004 6.42721570202e-07
5.094143025  1.7325332148e-05
5.096029745 1.59103387501e-06
5.097917163 1.66266494575e-06
5.099805281 5.62946406014e-08
5.101694098 1.83929839279e-05
5.103583614 1.75284998281e-07
 5.10547383 1.86507233301e-06
5.107364746   1.788251835e-05
5.109256363 7.12672520334e-05
 5.11114868 0.000202897861073
5.113041698 0.000708546249529
5.114935417 1.92638077431e-06
5.116829838 3.58752784332e-07
 5.11872496 2.82419430707e-05
5.120620784 1.09838110899e-05
 5.12251731  7.6055848984e-05
5.124414539 2.61467904617e-05
 5.12631247  3.2594493974e-07
5.128211104 2.95543763666e-05
5.130110442 0.000228150162198
5.132010483 2.46284628164e-05
5.133911227 9.11501026134e-05
5.135812676 3.74627206544e-07
5.137714829 3.62862088195e-05
5.139617686 2.50107052051e-06
5.141521248 4.98499189384e-05
5.143425515 7.75140267032e-06
5.145330488 1.11305623228e-06
5.147236166 4.98781559837e-07
5.149142549 9.67628573903e-07
5.151049639 4.53360768092e-06
5.152957435 2.99594052038e-05
5.154865938 2.54928111561e-07
5.156775148 3.51143757408e-06
5.158685065 3.89983386427e-06
5.160595689 3.14014081494e-07
 5.16250702 9.83481897225e-06
 5.16441906 0.000131256316228
5.166331808 2.49932343485e-05
5.168245264 1.23092942855e-05
5.170159429 5.56891093164e-06
5.172074303 7.46213619725e-05
5.173989886 1.29055390319e-05
5.175906178 3.74876993149e-05
5.177823181  8.8634645131e-07
5.179740893 5.32768459968e-07
5.181659316 8.55022602831e-07
5.183578449 1.29864611715e-07
5.185498293 4.82015150012e-05
5.187418847 2.82483059122e-06
5.189340114 2.14797911416e-05
5.191262092 2.87049154223e-06
5.193184781 2.77288943852e-06
5.195108183 4.78836040875e-07
5.197032297 2.27238298318e-07
5.198957124 2.40203265941e-05
5.200882664 9.48232376888e-06
5.202808916 1.80802443529e-06
5.204735883 1.79266846501e-07
5.206663563 3.51444649928e-06
5.208591957 1.21700691731e-05
5.210521065 0.000187177229767
5.212450887  3.6647725773e-06
5.214381425 9.23926379033e-06
5.216312677 3.02081519427e-07
5.218244645 3.58894422047e-07
5.220177328 0.000288496840188
5.222110727  1.7292440651e-05
5.224044842 1.73967149089e-05
5.225979673 1.31519251373e-06
5.227915221 5.37530779222e-06
5.229851486 2.57375824253e-06
5.231788468 3.96627440951e-07
5.233726168 1.72267735931e-06
5.235664585 1.00581054832e-06
 5.23760372 1.73971333676e-05
5.239543573 3.99156272159e-05
5.241484145 3.79402579192e-05
5.243425435 6.62502395991e-06
5.245367445  1.2252662786e-06
5.247310173 3.48567381873e-07
5.249253622 2.03487551014e-07
 5.25119779 2.67136271169e-06
5.253142678 3.44603460919e-05
5.255088286 1.50243837204e-06
5.257034615 1.07832966789e-05
5.258981665 6.13624307881e-07
5.260929436 9.02275146891e-06
5.262877928 4.87319133946e-07
5.264827142 1.78411496234e-07
5.266777078 1.94679806581e-05
5.268727736 1.81771782025e-06
