# ------------------------------------------------------------------------
# Radiance spectrum
# NASA-GSFC Planetary Spectrum Generator (PSG) (Villanueva et al. 2015)
# Synthesized on Mon Feb 27 18:34:33 2017
# ------------------------------------------------------------------------
# Cometary spectrum synthesized with CEM (Cometary Emission Model, Villanueva et al. 2004, 2011)
# Molecules considered: H2O,CO,CH4,NH3,H2CO,C2H6,HCN,CH3OH,C2H2
# Molecular sources: GSFC[H2O]|GSFC[CO]|GSFC[CH4]|GSFC[NH3]|GSFC[H2CO]|GSFC[C2H6]|GSFC[HCN]|GSFC[CH3OH]|GSFC[C2H2]
# Molecular abundances: 100,12,1.5,0.5,0.3,0.6,0.4,2.4,0.1
# Molecular abundance units: pct,pct,pct,pct,pct,pct,pct,pct,pct
# Molecular lifetimes: 77000,1300000,132000,5000,4500,91000,66700,80000,70000
# ------------------------------------------------------------------------
# Spectral unit: Wavelength [um]
# Radiance unit: Spectral radiance [W/sr/m2/um]
# Wave/freq Total Comet Nucleus Dust H2O CH4 NH3 H2CO HCN C2H2
5.000000000e+00  2.01982e-07  2.01982e-07  1.09416e-07  9.25669e-08  0.00000e+00  0.00000e+00  0.00000e+00  0.00000e+00  0.00000e+00  0.00000e+00
5.050000000e+00  2.14779e-07  2.14779e-07  1.16976e-07  9.78034e-08  0.00000e+00  0.00000e+00  0.00000e+00  0.00000e+00  0.00000e+00  0.00000e+00
5.100500000e+00  2.36949e-07  2.36949e-07  1.24975e-07  1.03259e-07  8.71202e-09  1.92703e-17  1.80353e-12  0.00000e+00  1.65599e-16  1.16142e-14
5.151505000e+00  2.46760e-07  2.46760e-07  1.33715e-07  1.09287e-07  3.75473e-09  1.50983e-16  3.13648e-12  0.00000e+00  1.03844e-13  5.98542e-15
5.203020050e+00  2.62123e-07  2.62123e-07  1.43241e-07  1.15926e-07  2.94588e-09  1.39257e-15  7.86876e-12  0.00000e+00  1.92966e-12  1.39970e-15
5.255050251e+00  2.77556e-07  2.77556e-07  1.53498e-07  1.23086e-07  9.45465e-10  4.86628e-15  2.48229e-11  0.00000e+00  2.11006e-12  4.62243e-17
5.307600753e+00  2.98525e-07  2.98525e-07  1.64622e-07  1.30918e-07  2.92336e-09  2.30427e-14  5.83125e-11  0.00000e+00  3.06903e-12  3.47583e-19
5.360676761e+00  3.17604e-07  3.17604e-07  1.76592e-07  1.39375e-07  1.53928e-09  8.13036e-14  9.68251e-11  0.00000e+00  7.94551e-13  1.70540e-18
5.414283528e+00  3.39878e-07  3.39878e-07  1.89495e-07  1.48545e-07  1.72990e-09  3.97709e-13  1.07039e-10  6.51315e-15  1.30679e-13  1.53651e-18
5.468426363e+00  3.62848e-07  3.62848e-07  2.03306e-07  1.58376e-07  1.02672e-09  1.61846e-12  1.37917e-10  6.34045e-14  5.95253e-14  3.09145e-18
5.523110627e+00  3.88291e-07  3.88291e-07  2.18168e-07  1.69023e-07  9.62130e-10  4.34053e-12  1.33183e-10  1.44452e-13  5.00708e-14  4.15774e-19
5.578341733e+00  4.17689e-07  4.17689e-07  2.34023e-07  1.80397e-07  3.11156e-09  1.62461e-11  1.34690e-10  6.58134e-12  9.78540e-15  0.00000e+00
5.634125151e+00  4.56725e-07  4.56725e-07  2.50943e-07  1.92563e-07  1.24211e-08  2.46896e-11  1.73413e-10  5.99661e-10  1.47331e-15  0.00000e+00
5.690466402e+00  4.77679e-07  4.77679e-07  2.69001e-07  2.05593e-07  1.04849e-09  3.98786e-11  1.40771e-10  1.85529e-09  1.04232e-15  0.00000e+00
5.747371066e+00  5.23896e-07  5.23896e-07  2.88188e-07  2.19454e-07  1.40781e-08  1.02506e-10  8.49879e-11  1.98926e-09  9.11174e-16  0.00000e+00
5.804844777e+00  5.53413e-07  5.53413e-07  3.08568e-07  2.34205e-07  8.84628e-09  8.24004e-11  8.47064e-11  1.62667e-09  9.31312e-17  0.00000e+00
5.862893225e+00  6.37349e-07  6.37349e-07  3.30175e-07  2.49870e-07  5.68440e-08  1.26615e-10  2.00702e-10  1.31446e-10  5.14569e-18  0.00000e+00
5.921522157e+00  6.62263e-07  6.62263e-07  3.53043e-07  2.66470e-07  4.22967e-08  1.62705e-10  2.88358e-10  2.58960e-12  9.25782e-18  0.00000e+00
5.980737378e+00  6.93294e-07  6.93294e-07  3.77230e-07  2.84058e-07  3.15403e-08  1.68095e-10  2.96692e-10  1.27121e-13  1.78287e-17  0.00000e+00
6.040544752e+00  8.52531e-07  8.52531e-07  4.02751e-07  3.02635e-07  1.46805e-07  1.52244e-10  1.87884e-10  8.04716e-14  1.02807e-16  0.00000e+00
6.100950200e+00  8.23274e-07  8.23274e-07  4.29630e-07  3.22212e-07  7.08356e-08  1.89572e-10  4.06317e-10  1.51858e-14  2.01260e-16  0.00000e+00
6.161959702e+00  9.33371e-07  9.33371e-07  4.57934e-07  3.42856e-07  1.31484e-07  6.18024e-11  1.03512e-09  6.60145e-15  1.09994e-16  0.00000e+00
6.223579299e+00  8.63094e-07  8.63094e-07  4.87676e-07  3.64566e-07  1.05027e-08  4.64071e-11  3.02516e-10  0.00000e+00  7.33629e-17  0.00000e+00
6.285815092e+00  9.11397e-07  9.11397e-07  5.18883e-07  3.87362e-07  4.65042e-09  5.28440e-11  4.49294e-10  0.00000e+00  2.40434e-17  0.00000e+00
6.348673243e+00  1.11917e-06  1.11917e-06  5.51597e-07  4.11280e-07  1.55528e-07  8.57587e-11  6.81656e-10  0.00000e+00  1.86701e-17  0.00000e+00
6.412159975e+00  1.16979e-06  1.16979e-06  5.85823e-07  4.36313e-07  1.47040e-07  6.73522e-11  5.48359e-10  0.00000e+00  5.14015e-17  0.00000e+00
6.476281575e+00  1.31811e-06  1.31811e-06  6.21597e-07  4.62496e-07  2.33575e-07  9.18375e-11  3.47506e-10  0.00000e+00  1.13843e-17  0.00000e+00
6.541044391e+00  1.21013e-06  1.21013e-06  6.58932e-07  4.89833e-07  6.06865e-08  3.85103e-10  2.89613e-10  0.00000e+00  5.60391e-18  0.00000e+00
6.606454834e+00  1.30540e-06  1.30540e-06  6.97859e-07  5.18353e-07  8.89798e-08  8.01106e-11  1.24685e-10  0.00000e+00  8.65078e-19  0.00000e+00
6.672519383e+00  1.44866e-06  1.44866e-06  7.38377e-07  5.48048e-07  1.61891e-07  2.83763e-10  5.79123e-11  0.00000e+00  6.86483e-18  0.00000e+00
6.739244577e+00  1.38800e-06  1.38800e-06  7.80501e-07  5.78932e-07  2.83433e-08  1.98714e-10  2.57809e-11  0.00000e+00  3.76567e-16  0.00000e+00
6.806637022e+00  1.50362e-06  1.50362e-06  8.24245e-07  6.11016e-07  6.81408e-08  2.01400e-10  1.23068e-11  0.00000e+00  5.20245e-14  0.00000e+00
6.874703393e+00  1.60703e-06  1.60703e-06  8.69613e-07  6.44302e-07  9.30593e-08  5.26546e-11  4.44282e-12  0.00000e+00  2.04262e-12  0.00000e+00
6.943450427e+00  1.61612e-06  1.61612e-06  9.16605e-07  6.78790e-07  2.06749e-08  3.81720e-11  2.14307e-12  0.00000e+00  1.35719e-11  0.00000e+00
7.012884931e+00  1.70934e-06  1.70934e-06  9.65217e-07  7.14477e-07  2.95769e-08  2.37944e-11  9.70016e-13  0.00000e+00  4.48102e-11  0.00000e+00
7.083013780e+00  1.77203e-06  1.77203e-06  1.01544e-06  7.51351e-07  5.19254e-09  1.34391e-11  2.27240e-12  0.00000e+00  2.93896e-11  3.75985e-19
7.153843918e+00  1.86476e-06  1.86476e-06  1.06726e-06  7.89412e-07  8.02999e-09  3.42345e-12  2.85524e-13  0.00000e+00  5.46579e-11  9.12175e-17
7.225382357e+00  1.95177e-06  1.95177e-06  1.12070e-06  8.28666e-07  2.32377e-09  2.39339e-12  2.58729e-13  0.00000e+00  8.44559e-11  9.25799e-15
7.297636181e+00  2.04828e-06  2.04828e-06  1.17570e-06  8.69083e-07  3.47275e-09  1.68702e-12  8.74565e-13  0.00000e+00  2.46014e-11  4.73425e-13
7.370612543e+00  2.14362e-06  2.14362e-06  1.23226e-06  9.10644e-07  6.86893e-10  1.67264e-11  7.04767e-13  0.00000e+00  7.22425e-12  6.79521e-12
7.444318668e+00  2.24492e-06  2.24492e-06  1.29030e-06  9.53286e-07  9.23232e-10  3.86447e-10  3.16004e-13  0.00000e+00  1.29784e-12  2.81709e-11
7.518761855e+00  2.34841e-06  2.34841e-06  1.34990e-06  9.97116e-07  9.68255e-11  1.28567e-09  1.27859e-12  0.00000e+00  1.08174e-13  1.14464e-11
7.593949473e+00  2.45462e-06  2.45462e-06  1.41096e-06  1.04202e-06  3.96239e-10  1.20612e-09  2.06951e-13  0.00000e+00  9.60630e-15  3.31540e-11
7.669888968e+00  2.56387e-06  2.56387e-06  1.47343e-06  1.08795e-06  3.35970e-11  2.43849e-09  7.95247e-13  0.00000e+00  7.86644e-16  1.49963e-11
7.746587858e+00  2.67325e-06  2.67325e-06  1.53728e-06  1.13491e-06  1.68426e-11  1.04042e-09  3.69766e-13  0.00000e+00  6.53785e-17  1.17786e-12
7.824053736e+00  2.78632e-06  2.78632e-06  1.60247e-06  1.18285e-06  3.75551e-11  9.60429e-10  3.12528e-13  0.00000e+00  9.63296e-17  6.67868e-14
7.902294274e+00  2.90143e-06  2.90143e-06  1.66894e-06  1.23175e-06  2.13716e-10  5.38122e-10  8.20242e-14  0.00000e+00  3.41348e-15  3.65711e-16
7.981317216e+00  3.01826e-06  3.01826e-06  1.73664e-06  1.28155e-06  1.21040e-11  6.17550e-11  2.02000e-13  0.00000e+00  9.48891e-14  2.75434e-18
8.061130388e+00  3.13778e-06  3.13778e-06  1.80551e-06  1.33222e-06  1.87683e-11  2.03377e-11  1.66992e-13  0.00000e+00  4.86159e-13  1.68941e-17
8.141741692e+00  3.25923e-06  3.25923e-06  1.87550e-06  1.38372e-06  1.01602e-11  2.29176e-12  5.12244e-13  0.00000e+00  9.42204e-13  3.80550e-18
8.223159109e+00  3.38254e-06  3.38254e-06  1.94653e-06  1.43598e-06  1.91864e-11  8.84645e-13  2.47020e-13  0.00000e+00  4.01927e-13  1.29939e-18
8.305390700e+00  3.50752e-06  3.50752e-06  2.01854e-06  1.48897e-06  6.67026e-12  3.59876e-13  1.99226e-13  0.00000e+00  1.04837e-12  8.57835e-20
8.388444607e+00  3.63409e-06  3.63409e-06  2.09146e-06  1.54263e-06  1.19315e-12  7.51393e-14  1.50115e-13  0.00000e+00  8.83143e-13  0.00000e+00
8.472329053e+00  3.76210e-06  3.76210e-06  2.16520e-06  1.59690e-06  7.70332e-13  7.39278e-14  4.71186e-13  0.00000e+00  2.56054e-13  0.00000e+00
8.557052344e+00  3.89142e-06  3.89142e-06  2.23969e-06  1.65172e-06  8.40420e-12  2.88633e-14  1.23245e-13  0.00000e+00  3.75715e-14  0.00000e+00
8.642622867e+00  4.02188e-06  4.02188e-06  2.31484e-06  1.70704e-06  6.36730e-13  1.12062e-14  1.74430e-13  0.00000e+00  6.91263e-15  0.00000e+00
8.729049096e+00  4.15337e-06  4.15337e-06  2.39058e-06  1.76279e-06  4.98367e-13  1.13721e-15  2.76471e-13  0.00000e+00  1.38269e-14  0.00000e+00
8.816339587e+00  4.28572e-06  4.28572e-06  2.46681e-06  1.81890e-06  1.04423e-12  2.10987e-15  1.92419e-13  0.00000e+00  1.89179e-14  0.00000e+00
8.904502983e+00  4.41877e-06  4.41877e-06  2.54345e-06  1.87532e-06  2.17917e-13  7.31346e-16  1.16018e-12  0.00000e+00  8.57971e-15  0.00000e+00
8.993548013e+00  4.55238e-06  4.55238e-06  2.62041e-06  1.93197e-06  1.23166e-12  8.29502e-16  4.13903e-13  0.00000e+00  2.35339e-14  0.00000e+00
9.083483493e+00  4.68637e-06  4.68637e-06  2.69758e-06  1.98878e-06  3.56387e-13  4.82398e-16  5.64776e-12  0.00000e+00  1.39957e-14  0.00000e+00
9.174318328e+00  4.82057e-06  4.82057e-06  2.77488e-06  2.04569e-06  1.37497e-13  3.26426e-16  3.63964e-12  0.00000e+00  3.40239e-15  0.00000e+00
9.266061511e+00  4.95486e-06  4.95486e-06  2.85221e-06  2.10262e-06  1.70867e-13  6.48776e-17  2.48269e-11  0.00000e+00  9.44111e-16  0.00000e+00
9.358722126e+00  5.08903e-06  5.08903e-06  2.92947e-06  2.15951e-06  7.91050e-14  7.22586e-16  5.51911e-11  0.00000e+00  1.33861e-16  0.00000e+00
9.452309347e+00  5.22285e-06  5.22285e-06  3.00656e-06  2.21627e-06  1.56645e-13  3.33019e-16  1.52139e-11  0.00000e+00  1.04804e-16  0.00000e+00
9.546832441e+00  5.35640e-06  5.35640e-06  3.08339e-06  2.27284e-06  7.98096e-14  2.68520e-16  1.71422e-10  0.00000e+00  2.05296e-16  0.00000e+00
9.642300765e+00  5.48906e-06  5.48906e-06  3.15985e-06  2.32914e-06  8.54085e-14  3.59342e-16  6.61046e-11  0.00000e+00  1.48038e-16  0.00000e+00
9.738723773e+00  5.62106e-06  5.62106e-06  3.23585e-06  2.38510e-06  9.40700e-14  1.57494e-16  1.13197e-10  0.00000e+00  2.44456e-16  0.00000e+00
9.836111011e+00  5.75199e-06  5.75199e-06  3.31128e-06  2.44064e-06  6.23027e-14  7.30261e-17  6.75924e-11  0.00000e+00  1.58151e-16  0.00000e+00
9.934472121e+00  5.88199e-06  5.88199e-06  3.38605e-06  2.49570e-06  2.20072e-14  1.28002e-17  2.46653e-10  0.00000e+00  1.54338e-16  0.00000e+00
1.003381684e+01  6.01025e-06  6.01025e-06  3.46006e-06  2.55019e-06  0.00000e+00  2.60982e-17  1.56780e-12  0.00000e+00  1.25015e-18  0.00000e+00
1.013415501e+01  6.13726e-06  6.13726e-06  3.53320e-06  2.60406e-06  0.00000e+00  6.21467e-18  0.00000e+00  0.00000e+00  0.00000e+00  0.00000e+00
1.023549656e+01  6.26261e-06  6.26261e-06  3.60540e-06  2.65722e-06  0.00000e+00  1.40890e-18  0.00000e+00  0.00000e+00  0.00000e+00  0.00000e+00
1.033785153e+01  6.38614e-06  6.38614e-06  3.67653e-06  2.70961e-06  0.00000e+00  2.06672e-18  0.00000e+00  0.00000e+00  0.00000e+00  0.00000e+00
1.044123004e+01  6.50768e-06  6.50768e-06  3.74653e-06  2.76115e-06  0.00000e+00  5.57073e-19  0.00000e+00  0.00000e+00  0.00000e+00  0.00000e+00
1.054564234e+01  6.62707e-06  6.62707e-06  3.81529e-06  2.81179e-06  0.00000e+00  1.17945e-19  0.00000e+00  0.00000e+00  0.00000e+00  0.00000e+00
1.065109877e+01  6.74416e-06  6.74416e-06  3.88272e-06  2.86144e-06  0.00000e+00  3.71438e-20  0.00000e+00  0.00000e+00  0.00000e+00  0.00000e+00
1.075760975e+01  6.85880e-06  6.85880e-06  3.94874e-06  2.91006e-06  0.00000e+00  5.38737e-20  0.00000e+00  0.00000e+00  0.00000e+00  0.00000e+00
1.086518585e+01  6.97083e-06  6.97083e-06  4.01326e-06  2.95758e-06  0.00000e+00  0.00000e+00  0.00000e+00  0.00000e+00  0.00000e+00  0.00000e+00
1.097383771e+01  7.08012e-06  7.08012e-06  4.07620e-06  3.00393e-06  0.00000e+00  0.00000e+00  0.00000e+00  0.00000e+00  0.00000e+00  0.00000e+00
1.108357609e+01  7.18653e-06  7.18653e-06  4.13747e-06  3.04905e-06  0.00000e+00  0.00000e+00  0.00000e+00  0.00000e+00  0.00000e+00  0.00000e+00
1.119441185e+01  7.28992e-06  7.28992e-06  4.19702e-06  3.09290e-06  0.00000e+00  0.00000e+00  0.00000e+00  0.00000e+00  0.00000e+00  0.00000e+00
1.130635597e+01  7.39017e-06  7.39017e-06  4.25475e-06  3.13542e-06  0.00000e+00  0.00000e+00  0.00000e+00  0.00000e+00  0.00000e+00  0.00000e+00
1.141941952e+01  7.48715e-06  7.48715e-06  4.31060e-06  3.17655e-06  0.00000e+00  0.00000e+00  0.00000e+00  0.00000e+00  0.00000e+00  0.00000e+00
1.153361372e+01  7.58076e-06  7.58076e-06  4.36451e-06  3.21625e-06  0.00000e+00  0.00000e+00  0.00000e+00  0.00000e+00  0.00000e+00  0.00000e+00
1.164894986e+01  7.67087e-06  7.67087e-06  4.41640e-06  3.25447e-06  0.00000e+00  0.00000e+00  0.00000e+00  0.00000e+00  0.00000e+00  0.00000e+00
1.176543936e+01  7.75740e-06  7.75740e-06  4.46623e-06  3.29117e-06  0.00000e+00  0.00000e+00  0.00000e+00  0.00000e+00  0.00000e+00  0.00000e+00
1.188309375e+01  7.84024e-06  7.84024e-06  4.51393e-06  3.32630e-06  0.00000e+00  0.00000e+00  0.00000e+00  0.00000e+00  0.00000e+00  0.00000e+00
1.200192469e+01  7.91930e-06  7.91930e-06  4.55946e-06  3.35983e-06  0.00000e+00  0.00000e+00  0.00000e+00  0.00000e+00  0.00000e+00  0.00000e+00
1.212194393e+01  7.99450e-06  7.99450e-06  4.60277e-06  3.39173e-06  0.00000e+00  0.00000e+00  0.00000e+00  0.00000e+00  0.00000e+00  0.00000e+00
1.224316337e+01  8.06576e-06  8.06576e-06  4.64381e-06  3.42195e-06  0.00000e+00  0.00000e+00  0.00000e+00  0.00000e+00  0.00000e+00  0.00000e+00
1.236559501e+01  8.13303e-06  8.13303e-06  4.68255e-06  3.45048e-06  0.00000e+00  0.00000e+00  0.00000e+00  0.00000e+00  0.00000e+00  3.29133e-20
1.248925096e+01  8.19622e-06  8.19622e-06  4.71894e-06  3.47728e-06  0.00000e+00  0.00000e+00  0.00000e+00  0.00000e+00  0.00000e+00  4.08887e-18
1.261414347e+01  8.25530e-06  8.25530e-06  4.75297e-06  3.50234e-06  0.00000e+00  0.00000e+00  0.00000e+00  0.00000e+00  0.00000e+00  1.86089e-16
1.274028490e+01  8.31022e-06  8.31022e-06  4.78459e-06  3.52562e-06  0.00000e+00  0.00000e+00  0.00000e+00  0.00000e+00  0.00000e+00  2.11310e-15
1.286768775e+01  8.36093e-06  8.36093e-06  4.81380e-06  3.54713e-06  0.00000e+00  0.00000e+00  0.00000e+00  0.00000e+00  0.00000e+00  6.69048e-14
1.299636463e+01  8.40740e-06  8.40740e-06  4.84056e-06  3.56684e-06  0.00000e+00  0.00000e+00  0.00000e+00  0.00000e+00  0.00000e+00  7.24477e-13
1.312632827e+01  8.44961e-06  8.44961e-06  4.86487e-06  3.58474e-06  0.00000e+00  0.00000e+00  0.00000e+00  0.00000e+00  0.00000e+00  2.59684e-12
1.325759156e+01  8.48754e-06  8.48754e-06  4.88671e-06  3.60082e-06  0.00000e+00  0.00000e+00  0.00000e+00  0.00000e+00  0.00000e+00  1.32861e-11
1.339016747e+01  8.52121e-06  8.52121e-06  4.90608e-06  3.61508e-06  0.00000e+00  0.00000e+00  0.00000e+00  0.00000e+00  0.00000e+00  4.06358e-11
1.352406915e+01  8.55054e-06  8.55054e-06  4.92298e-06  3.62752e-06  0.00000e+00  0.00000e+00  0.00000e+00  0.00000e+00  0.00000e+00  3.30179e-11
1.365930984e+01  8.57574e-06  8.57574e-06  4.93740e-06  3.63814e-06  0.00000e+00  0.00000e+00  0.00000e+00  0.00000e+00  0.00000e+00  1.96099e-10
1.379590294e+01  8.59632e-06  8.59632e-06  4.94936e-06  3.64694e-06  0.00000e+00  0.00000e+00  0.00000e+00  0.00000e+00  0.00000e+00  1.31171e-11
1.393386197e+01  8.61284e-06  8.61284e-06  4.95886e-06  3.65394e-06  0.00000e+00  0.00000e+00  0.00000e+00  0.00000e+00  0.00000e+00  4.01286e-11
