# ------------------------------------------------------------------------
# Radiance spectrum
# NASA-GSFC Planetary Spectrum Generator (PSG) (Villanueva et al. 2015)
# Synthesized on Mon Feb 27 18:30:42 2017
# ------------------------------------------------------------------------
# Cometary spectrum synthesized with CEM (Cometary Emission Model, Villanueva et al. 2004, 2011)
# Molecules considered: H2O,CO,CH4,NH3,H2CO,C2H6,HCN,CH3OH,C2H2
# Molecular sources: GSFC[H2O]|GSFC[CO]|GSFC[CH4]|GSFC[NH3]|GSFC[H2CO]|GSFC[C2H6]|GSFC[HCN]|GSFC[CH3OH]|GSFC[C2H2]
# Molecular abundances: 100,12,1.5,0.5,0.3,0.6,0.4,2.4,0.1
# Molecular abundance units: pct,pct,pct,pct,pct,pct,pct,pct,pct
# Molecular lifetimes: 77000,1300000,132000,5000,4500,91000,66700,80000,70000
# ------------------------------------------------------------------------
# Spectral unit: Wavelength [um]
# Radiance unit: Spectral radiance [W/sr/m2/um]
# Wave/freq Total Comet Nucleus Dust H2O CO CH4 NH3 H2CO C2H6 HCN CH3OH C2H2
7.000000000e-01  2.46525e-04  2.46525e-04  2.46525e-04  0.00000e+00  0.00000e+00  0.00000e+00  0.00000e+00  0.00000e+00  0.00000e+00  0.00000e+00  0.00000e+00  0.00000e+00  0.00000e+00
7.070000000e-01  2.39463e-04  2.39463e-04  2.39463e-04  0.00000e+00  0.00000e+00  0.00000e+00  0.00000e+00  0.00000e+00  0.00000e+00  0.00000e+00  0.00000e+00  0.00000e+00  0.00000e+00
7.140700000e-01  2.36093e-04  2.36093e-04  2.36093e-04  0.00000e+00  0.00000e+00  0.00000e+00  0.00000e+00  0.00000e+00  0.00000e+00  0.00000e+00  0.00000e+00  0.00000e+00  0.00000e+00
7.212107000e-01  2.28630e-04  2.28630e-04  2.28630e-04  0.00000e+00  0.00000e+00  0.00000e+00  0.00000e+00  0.00000e+00  0.00000e+00  0.00000e+00  0.00000e+00  0.00000e+00  0.00000e+00
7.284228070e-01  2.28436e-04  2.28436e-04  2.28436e-04  0.00000e+00  0.00000e+00  0.00000e+00  0.00000e+00  0.00000e+00  0.00000e+00  0.00000e+00  0.00000e+00  0.00000e+00  0.00000e+00
7.357070351e-01  2.23097e-04  2.23097e-04  2.23097e-04  0.00000e+00  0.00000e+00  0.00000e+00  0.00000e+00  0.00000e+00  0.00000e+00  0.00000e+00  0.00000e+00  0.00000e+00  0.00000e+00
7.430641054e-01  2.17857e-04  2.17857e-04  2.17857e-04  0.00000e+00  0.00000e+00  0.00000e+00  0.00000e+00  0.00000e+00  0.00000e+00  0.00000e+00  0.00000e+00  0.00000e+00  0.00000e+00
7.504947465e-01  2.16705e-04  2.16705e-04  2.16705e-04  0.00000e+00  0.00000e+00  0.00000e+00  0.00000e+00  0.00000e+00  0.00000e+00  0.00000e+00  0.00000e+00  0.00000e+00  0.00000e+00
7.579996939e-01  2.13810e-04  2.13810e-04  2.13810e-04  0.00000e+00  0.00000e+00  0.00000e+00  0.00000e+00  0.00000e+00  0.00000e+00  0.00000e+00  0.00000e+00  0.00000e+00  0.00000e+00
7.655796909e-01  2.10534e-04  2.10534e-04  2.10534e-04  0.00000e+00  0.00000e+00  0.00000e+00  0.00000e+00  0.00000e+00  0.00000e+00  0.00000e+00  0.00000e+00  0.00000e+00  0.00000e+00
7.732354878e-01  2.04290e-04  2.04290e-04  2.04290e-04  0.00000e+00  0.00000e+00  0.00000e+00  0.00000e+00  0.00000e+00  0.00000e+00  0.00000e+00  0.00000e+00  0.00000e+00  0.00000e+00
7.809678427e-01  2.02983e-04  2.02983e-04  2.02983e-04  0.00000e+00  0.00000e+00  0.00000e+00  0.00000e+00  0.00000e+00  0.00000e+00  0.00000e+00  0.00000e+00  0.00000e+00  0.00000e+00
7.887775211e-01  1.99583e-04  1.99583e-04  1.99583e-04  0.00000e+00  0.00000e+00  0.00000e+00  0.00000e+00  0.00000e+00  0.00000e+00  0.00000e+00  4.04712e-15  0.00000e+00  0.00000e+00
7.966652963e-01  1.93948e-04  1.93948e-04  1.93948e-04  0.00000e+00  0.00000e+00  0.00000e+00  0.00000e+00  0.00000e+00  0.00000e+00  0.00000e+00  3.18743e-15  0.00000e+00  0.00000e+00
8.046319493e-01  1.92341e-04  1.92341e-04  1.92341e-04  0.00000e+00  0.00000e+00  0.00000e+00  0.00000e+00  0.00000e+00  0.00000e+00  0.00000e+00  0.00000e+00  0.00000e+00  0.00000e+00
8.126782688e-01  1.87478e-04  1.87478e-04  1.87478e-04  0.00000e+00  0.00000e+00  0.00000e+00  0.00000e+00  0.00000e+00  0.00000e+00  0.00000e+00  1.71135e-16  0.00000e+00  0.00000e+00
8.208050514e-01  1.83808e-04  1.83808e-04  1.83808e-04  0.00000e+00  0.00000e+00  0.00000e+00  0.00000e+00  0.00000e+00  0.00000e+00  0.00000e+00  1.08155e-15  0.00000e+00  0.00000e+00
8.290131020e-01  1.80438e-04  1.80438e-04  1.80438e-04  0.00000e+00  0.00000e+00  0.00000e+00  0.00000e+00  0.00000e+00  0.00000e+00  0.00000e+00  0.00000e+00  0.00000e+00  0.00000e+00
8.373032330e-01  1.76084e-04  1.76084e-04  1.76084e-04  0.00000e+00  0.00000e+00  0.00000e+00  0.00000e+00  0.00000e+00  0.00000e+00  0.00000e+00  0.00000e+00  0.00000e+00  0.00000e+00
8.456762653e-01  1.73299e-04  1.73299e-04  1.73299e-04  0.00000e+00  0.00000e+00  0.00000e+00  0.00000e+00  0.00000e+00  0.00000e+00  0.00000e+00  0.00000e+00  0.00000e+00  0.00000e+00
8.541330280e-01  1.65539e-04  1.65539e-04  1.65539e-04  0.00000e+00  0.00000e+00  0.00000e+00  0.00000e+00  0.00000e+00  0.00000e+00  0.00000e+00  1.84756e-15  0.00000e+00  0.00000e+00
8.626743582e-01  1.61681e-04  1.61681e-04  1.61681e-04  0.00000e+00  0.00000e+00  0.00000e+00  0.00000e+00  0.00000e+00  0.00000e+00  0.00000e+00  4.72557e-16  0.00000e+00  0.00000e+00
8.713011018e-01  1.57451e-04  1.57451e-04  1.57451e-04  0.00000e+00  0.00000e+00  0.00000e+00  0.00000e+00  0.00000e+00  0.00000e+00  0.00000e+00  0.00000e+00  0.00000e+00  0.00000e+00
8.800141128e-01  1.59947e-04  1.59947e-04  1.59947e-04  0.00000e+00  0.00000e+00  0.00000e+00  0.00000e+00  0.00000e+00  0.00000e+00  0.00000e+00  5.63978e-16  0.00000e+00  0.00000e+00
8.888142540e-01  1.55593e-04  1.55593e-04  1.55593e-04  0.00000e+00  0.00000e+00  0.00000e+00  0.00000e+00  0.00000e+00  0.00000e+00  0.00000e+00  6.40756e-18  0.00000e+00  0.00000e+00
8.977023965e-01  1.54820e-04  1.54820e-04  1.54820e-04  0.00000e+00  1.03511e-11  0.00000e+00  0.00000e+00  0.00000e+00  0.00000e+00  0.00000e+00  0.00000e+00  0.00000e+00  0.00000e+00
9.066794205e-01  1.50147e-04  1.50147e-04  1.50147e-04  0.00000e+00  5.28946e-11  0.00000e+00  0.00000e+00  0.00000e+00  0.00000e+00  0.00000e+00  4.88746e-17  0.00000e+00  0.00000e+00
9.157462147e-01  1.47687e-04  1.47687e-04  1.47687e-04  0.00000e+00  3.92688e-11  0.00000e+00  0.00000e+00  0.00000e+00  0.00000e+00  0.00000e+00  0.00000e+00  0.00000e+00  0.00000e+00
9.249036768e-01  1.43292e-04  1.43292e-04  1.43292e-04  0.00000e+00  7.74343e-12  0.00000e+00  0.00000e+00  0.00000e+00  0.00000e+00  0.00000e+00  0.00000e+00  0.00000e+00  0.00000e+00
9.341527136e-01  1.42144e-04  1.42144e-04  1.42142e-04  0.00000e+00  2.71176e-09  0.00000e+00  0.00000e+00  0.00000e+00  0.00000e+00  0.00000e+00  0.00000e+00  0.00000e+00  0.00000e+00
9.434942407e-01  1.38319e-04  1.38319e-04  1.38314e-04  0.00000e+00  5.53939e-09  0.00000e+00  0.00000e+00  0.00000e+00  0.00000e+00  0.00000e+00  2.30823e-16  0.00000e+00  0.00000e+00
9.529291831e-01  1.36589e-04  1.36589e-04  1.36584e-04  0.00000e+00  4.67935e-09  0.00000e+00  0.00000e+00  0.00000e+00  0.00000e+00  0.00000e+00  1.52293e-15  0.00000e+00  0.00000e+00
9.624584750e-01  1.32628e-04  1.32628e-04  1.32628e-04  0.00000e+00  9.56556e-11  0.00000e+00  0.00000e+00  0.00000e+00  0.00000e+00  0.00000e+00  0.00000e+00  0.00000e+00  0.00000e+00
9.720830597e-01  1.30765e-04  1.30765e-04  1.30765e-04  0.00000e+00  5.97785e-11  0.00000e+00  0.00000e+00  0.00000e+00  0.00000e+00  0.00000e+00  1.16713e-15  0.00000e+00  0.00000e+00
9.818038903e-01  1.28421e-04  1.28421e-04  1.28421e-04  0.00000e+00  6.38871e-12  0.00000e+00  0.00000e+00  0.00000e+00  0.00000e+00  0.00000e+00  2.14461e-16  0.00000e+00  0.00000e+00
9.916219292e-01  1.25976e-04  1.25976e-04  1.25976e-04  0.00000e+00  0.00000e+00  0.00000e+00  0.00000e+00  0.00000e+00  0.00000e+00  0.00000e+00  1.53894e-16  0.00000e+00  0.00000e+00
1.001538149e+00  1.24281e-04  1.24281e-04  1.24281e-04  0.00000e+00  0.00000e+00  0.00000e+00  0.00000e+00  0.00000e+00  0.00000e+00  0.00000e+00  3.06497e-17  0.00000e+00  0.00000e+00
1.011553530e+00  1.20091e-04  1.20091e-04  1.20091e-04  0.00000e+00  0.00000e+00  0.00000e+00  0.00000e+00  0.00000e+00  0.00000e+00  0.00000e+00  0.00000e+00  0.00000e+00  1.81422e-11
1.021669065e+00  1.18145e-04  1.18145e-04  1.18145e-04  0.00000e+00  0.00000e+00  0.00000e+00  0.00000e+00  1.94084e-12  0.00000e+00  0.00000e+00  0.00000e+00  0.00000e+00  2.36403e-11
1.031885756e+00  1.16363e-04  1.16363e-04  1.16363e-04  0.00000e+00  0.00000e+00  0.00000e+00  0.00000e+00  1.68309e-11  0.00000e+00  0.00000e+00  5.70866e-14  0.00000e+00  1.47785e-10
1.042204614e+00  1.13272e-04  1.13272e-04  1.13272e-04  0.00000e+00  0.00000e+00  0.00000e+00  0.00000e+00  3.66042e-12  0.00000e+00  0.00000e+00  1.44411e-12  0.00000e+00  1.64717e-10
1.052626660e+00  1.11028e-04  1.11028e-04  1.11028e-04  0.00000e+00  5.46456e-13  0.00000e+00  0.00000e+00  0.00000e+00  0.00000e+00  0.00000e+00  1.64717e-14  0.00000e+00  0.00000e+00
1.063152926e+00  1.08316e-04  1.08316e-04  1.08316e-04  0.00000e+00  1.38291e-12  0.00000e+00  0.00000e+00  0.00000e+00  0.00000e+00  0.00000e+00  0.00000e+00  0.00000e+00  0.00000e+00
1.073784456e+00  1.05108e-04  1.05108e-04  1.05108e-04  0.00000e+00  4.10465e-13  0.00000e+00  0.00000e+00  0.00000e+00  0.00000e+00  0.00000e+00  1.56600e-13  0.00000e+00  0.00000e+00
1.084522300e+00  1.02428e-04  1.02428e-04  1.02428e-04  0.00000e+00  1.56916e-13  0.00000e+00  0.00000e+00  0.00000e+00  0.00000e+00  0.00000e+00  5.62022e-15  0.00000e+00  0.00000e+00
1.095367523e+00  9.92385e-05  9.92385e-05  9.92385e-05  0.00000e+00  3.91613e-11  0.00000e+00  0.00000e+00  0.00000e+00  0.00000e+00  0.00000e+00  1.48085e-17  0.00000e+00  0.00000e+00
1.106321198e+00  9.74120e-05  9.74120e-05  9.74117e-05  0.00000e+00  3.21796e-10  0.00000e+00  0.00000e+00  0.00000e+00  0.00000e+00  0.00000e+00  1.22817e-14  0.00000e+00  0.00000e+00
1.117384410e+00  9.63270e-05  9.63270e-05  9.63261e-05  0.00000e+00  9.19321e-10  0.00000e+00  0.00000e+00  0.00000e+00  0.00000e+00  0.00000e+00  1.18372e-14  0.00000e+00  0.00000e+00
1.128558254e+00  9.38629e-05  9.38629e-05  9.38559e-05  0.00000e+00  6.97662e-09  0.00000e+00  0.00000e+00  0.00000e+00  0.00000e+00  0.00000e+00  1.33281e-14  0.00000e+00  0.00000e+00
1.139843837e+00  9.16849e-05  9.16849e-05  9.16700e-05  0.00000e+00  1.48206e-08  0.00000e+00  0.00000e+00  0.00000e+00  0.00000e+00  0.00000e+00  1.34840e-17  0.00000e+00  0.00000e+00
1.151242275e+00  9.01369e-05  9.01369e-05  9.01304e-05  0.00000e+00  6.51475e-09  0.00000e+00  0.00000e+00  0.00000e+00  0.00000e+00  0.00000e+00  6.77152e-17  0.00000e+00  0.00000e+00
1.162754698e+00  8.82005e-05  8.82005e-05  8.82002e-05  0.00000e+00  2.49483e-10  0.00000e+00  0.00000e+00  0.00000e+00  0.00000e+00  0.00000e+00  1.32322e-13  0.00000e+00  1.57819e-12
1.174382245e+00  8.64050e-05  8.64050e-05  8.64049e-05  0.00000e+00  1.52063e-11  0.00000e+00  0.00000e+00  0.00000e+00  0.00000e+00  0.00000e+00  1.78666e-14  0.00000e+00  6.67195e-11
1.186126067e+00  8.39975e-05  8.39975e-05  8.39975e-05  0.00000e+00  4.18228e-12  0.00000e+00  0.00000e+00  0.00000e+00  0.00000e+00  0.00000e+00  6.42923e-16  0.00000e+00  6.88971e-13
1.197987328e+00  8.23202e-05  8.23202e-05  8.23202e-05  0.00000e+00  3.75350e-12  0.00000e+00  0.00000e+00  3.05056e-12  0.00000e+00  0.00000e+00  2.40712e-14  0.00000e+00  0.00000e+00
1.209967201e+00  7.98622e-05  7.98622e-05  7.98622e-05  0.00000e+00  1.26082e-12  0.00000e+00  0.00000e+00  5.82961e-12  0.00000e+00  0.00000e+00  7.65250e-16  0.00000e+00  0.00000e+00
1.222066873e+00  7.95366e-05  7.95366e-05  7.95366e-05  0.00000e+00  3.85723e-13  0.00000e+00  0.00000e+00  1.10164e-11  0.00000e+00  0.00000e+00  4.98890e-15  0.00000e+00  0.00000e+00
1.234287542e+00  7.78704e-05  7.78704e-05  7.78704e-05  0.00000e+00  0.00000e+00  0.00000e+00  0.00000e+00  3.36399e-12  0.00000e+00  0.00000e+00  2.03250e-15  0.00000e+00  0.00000e+00
1.246630418e+00  7.60977e-05  7.60977e-05  7.60977e-05  0.00000e+00  0.00000e+00  0.00000e+00  0.00000e+00  1.39001e-12  0.00000e+00  0.00000e+00  0.00000e+00  0.00000e+00  0.00000e+00
1.259096722e+00  7.44576e-05  7.44576e-05  7.44576e-05  0.00000e+00  0.00000e+00  0.00000e+00  0.00000e+00  0.00000e+00  0.00000e+00  0.00000e+00  6.32083e-16  0.00000e+00  0.00000e+00
1.271687689e+00  7.27073e-05  7.27073e-05  7.27073e-05  0.00000e+00  0.00000e+00  0.00000e+00  0.00000e+00  0.00000e+00  0.00000e+00  0.00000e+00  2.59207e-16  0.00000e+00  0.00000e+00
1.284404566e+00  6.97701e-05  6.97701e-05  6.97701e-05  0.00000e+00  0.00000e+00  0.00000e+00  0.00000e+00  0.00000e+00  0.00000e+00  0.00000e+00  1.12665e-17  0.00000e+00  5.62830e-13
1.297248612e+00  6.93730e-05  6.93730e-05  6.93730e-05  0.00000e+00  0.00000e+00  0.00000e+00  0.00000e+00  3.51335e-12  0.00000e+00  0.00000e+00  2.85327e-18  0.00000e+00  2.19708e-12
1.310221098e+00  6.79965e-05  6.79965e-05  6.79965e-05  0.00000e+00  3.96231e-13  0.00000e+00  0.00000e+00  3.68503e-12  0.00000e+00  0.00000e+00  3.19773e-17  0.00000e+00  0.00000e+00
1.323323309e+00  6.60752e-05  6.60752e-05  6.60752e-05  0.00000e+00  1.90657e-11  0.00000e+00  0.00000e+00  5.44378e-13  0.00000e+00  0.00000e+00  5.75564e-14  0.00000e+00  0.00000e+00
1.336556542e+00  6.47979e-05  6.47979e-05  6.47977e-05  0.00000e+00  2.06536e-10  0.00000e+00  0.00000e+00  0.00000e+00  0.00000e+00  0.00000e+00  8.09157e-14  0.00000e+00  2.22385e-13
1.349922107e+00  6.35175e-05  6.35175e-05  6.35143e-05  0.00000e+00  3.08093e-09  0.00000e+00  0.00000e+00  0.00000e+00  0.00000e+00  0.00000e+00  5.12565e-16  0.00000e+00  4.88137e-11
1.363421328e+00  6.23786e-05  6.23786e-05  6.18453e-05  0.00000e+00  5.33352e-07  0.00000e+00  0.00000e+00  0.00000e+00  0.00000e+00  0.00000e+00  0.00000e+00  0.00000e+00  2.69865e-14
1.377055541e+00  6.15156e-05  6.15156e-05  6.03789e-05  0.00000e+00  1.13664e-06  0.00000e+00  0.00000e+00  0.00000e+00  0.00000e+00  0.00000e+00  9.99040e-15  0.00000e+00  2.61782e-11
1.390826097e+00  6.12449e-05  6.12449e-05  5.92928e-05  0.00000e+00  1.95198e-06  0.00000e+00  0.00000e+00  0.00000e+00  0.00000e+00  0.00000e+00  6.02815e-13  0.00000e+00  4.85693e-11
1.404734358e+00  5.83499e-05  5.83499e-05  5.78716e-05  0.00000e+00  4.78226e-07  0.00000e+00  0.00000e+00  0.00000e+00  0.00000e+00  0.00000e+00  2.18099e-14  0.00000e+00  3.00512e-11
1.418781701e+00  5.64213e-05  5.64213e-05  5.63425e-05  0.00000e+00  7.88357e-08  0.00000e+00  0.00000e+00  0.00000e+00  0.00000e+00  0.00000e+00  4.63974e-16  0.00000e+00  1.80290e-15
1.432969518e+00  5.44963e-05  5.44963e-05  5.44425e-05  0.00000e+00  5.38209e-08  0.00000e+00  0.00000e+00  3.28327e-13  0.00000e+00  0.00000e+00  2.35332e-14  0.00000e+00  0.00000e+00
1.447299214e+00  5.34167e-05  5.34167e-05  5.33611e-05  0.00000e+00  5.55067e-08  0.00000e+00  0.00000e+00  2.64232e-11  0.00000e+00  0.00000e+00  4.98205e-15  0.00000e+00  0.00000e+00
1.461772206e+00  5.22489e-05  5.22489e-05  5.22127e-05  0.00000e+00  3.61597e-08  0.00000e+00  0.00000e+00  3.42982e-11  0.00000e+00  0.00000e+00  7.08875e-15  0.00000e+00  5.91730e-12
1.476389928e+00  5.08053e-05  5.08053e-05  5.07947e-05  0.00000e+00  1.05269e-08  0.00000e+00  0.00000e+00  1.11238e-10  0.00000e+00  0.00000e+00  2.41191e-14  0.00000e+00  7.68954e-12
1.491153827e+00  4.94108e-05  4.94108e-05  4.94075e-05  0.00000e+00  2.61589e-09  0.00000e+00  0.00000e+00  7.05539e-10  0.00000e+00  0.00000e+00  2.87466e-15  0.00000e+00  3.40048e-12
1.506065365e+00  4.80679e-05  4.80679e-05  4.80653e-05  0.00000e+00  4.49791e-10  0.00000e+00  0.00000e+00  2.13605e-09  0.00000e+00  0.00000e+00  3.34124e-17  0.00000e+00  7.10074e-11
1.521126019e+00  4.76411e-05  4.76411e-05  4.76329e-05  0.00000e+00  1.73583e-10  0.00000e+00  0.00000e+00  2.19545e-09  0.00000e+00  0.00000e+00  5.29497e-11  0.00000e+00  5.77869e-09
1.536337279e+00  4.65698e-05  4.65698e-05  4.65660e-05  0.00000e+00  2.62419e-11  0.00000e+00  0.00000e+00  5.76769e-10  0.00000e+00  0.00000e+00  8.01014e-10  0.00000e+00  2.46013e-09
1.551700652e+00  4.54774e-05  4.54774e-05  4.54772e-05  0.00000e+00  7.89336e-12  0.00000e+00  0.00000e+00  1.25059e-10  0.00000e+00  0.00000e+00  2.04083e-11  0.00000e+00  6.90470e-13
1.567217659e+00  4.41638e-05  4.41638e-05  4.41637e-05  0.00000e+00  6.49090e-13  2.25925e-13  0.00000e+00  9.75403e-11  0.00000e+00  0.00000e+00  4.82039e-14  0.00000e+00  1.81138e-13
1.582889835e+00  4.23713e-05  4.23713e-05  4.23713e-05  0.00000e+00  0.00000e+00  2.67193e-13  0.00000e+00  5.20375e-11  0.00000e+00  0.00000e+00  2.49517e-11  0.00000e+00  3.39124e-17
1.598718733e+00  4.11702e-05  4.11702e-05  4.11702e-05  0.00000e+00  0.00000e+00  4.81162e-15  0.00000e+00  3.00714e-11  0.00000e+00  0.00000e+00  7.84134e-12  0.00000e+00  0.00000e+00
1.614705921e+00  4.04975e-05  4.04975e-05  4.04974e-05  0.00000e+00  0.00000e+00  6.35636e-17  0.00000e+00  3.11015e-11  0.00000e+00  0.00000e+00  3.27979e-14  0.00000e+00  0.00000e+00
1.630852980e+00  3.96664e-05  3.96664e-05  3.96664e-05  0.00000e+00  0.00000e+00  0.00000e+00  1.08930e-11  7.90514e-12  0.00000e+00  0.00000e+00  8.01064e-13  0.00000e+00  0.00000e+00
1.647161510e+00  3.79991e-05  3.79991e-05  3.79938e-05  0.00000e+00  0.00000e+00  0.00000e+00  5.27756e-09  1.96122e-11  0.00000e+00  0.00000e+00  1.04763e-12  0.00000e+00  0.00000e+00
1.663633125e+00  3.75692e-05  3.75692e-05  3.75577e-05  0.00000e+00  5.43020e-13  0.00000e+00  1.14411e-08  2.51439e-11  0.00000e+00  0.00000e+00  1.29907e-14  0.00000e+00  1.16386e-14
1.680269456e+00  3.59177e-05  3.59177e-05  3.59114e-05  0.00000e+00  2.57494e-12  0.00000e+00  6.21148e-09  1.04009e-11  0.00000e+00  0.00000e+00  5.01214e-14  0.00000e+00  3.78986e-11
1.697072151e+00  3.47199e-05  3.47199e-05  3.47197e-05  0.00000e+00  5.18746e-12  0.00000e+00  2.03578e-10  8.58545e-13  0.00000e+00  0.00000e+00  6.48551e-14  0.00000e+00  2.95073e-12
1.714042872e+00  3.37639e-05  3.37639e-05  3.37639e-05  0.00000e+00  3.30014e-12  0.00000e+00  0.00000e+00  0.00000e+00  0.00000e+00  0.00000e+00  1.03317e-11  0.00000e+00  5.95300e-12
1.731183301e+00  3.26220e-05  3.26220e-05  3.26219e-05  0.00000e+00  3.22324e-11  0.00000e+00  0.00000e+00  2.06239e-13  0.00000e+00  0.00000e+00  9.66430e-12  0.00000e+00  2.50676e-13
1.748495134e+00  3.06672e-05  3.06672e-05  3.06655e-05  0.00000e+00  1.71607e-09  0.00000e+00  0.00000e+00  8.00178e-12  0.00000e+00  0.00000e+00  1.40597e-13  0.00000e+00  2.94002e-18
1.765980085e+00  3.04772e-05  3.04772e-05  3.04742e-05  0.00000e+00  2.97029e-09  0.00000e+00  0.00000e+00  1.65832e-11  0.00000e+00  0.00000e+00  2.90698e-14  0.00000e+00  0.00000e+00
1.783639886e+00  2.95061e-05  2.95061e-05  2.95017e-05  0.00000e+00  4.46475e-09  0.00000e+00  0.00000e+00  8.39920e-12  0.00000e+00  0.00000e+00  7.05222e-13  0.00000e+00  0.00000e+00
1.801476285e+00  2.85729e-05  2.85729e-05  2.85691e-05  0.00000e+00  3.80274e-09  0.00000e+00  0.00000e+00  2.04030e-13  0.00000e+00  0.00000e+00  4.54960e-14  0.00000e+00  8.40122e-14
1.819491048e+00  2.70182e-05  2.70182e-05  2.70153e-05  0.00000e+00  2.90109e-09  0.00000e+00  0.00000e+00  0.00000e+00  0.00000e+00  0.00000e+00  1.75227e-15  0.00000e+00  8.28059e-13
1.837685958e+00  2.64027e-05  2.64027e-05  2.63564e-05  0.00000e+00  4.62824e-08  0.00000e+00  0.00000e+00  0.00000e+00  0.00000e+00  0.00000e+00  3.33371e-12  0.00000e+00  1.42470e-15
1.856062818e+00  2.58442e-05  2.58442e-05  2.54389e-05  0.00000e+00  4.05308e-07  0.00000e+00  0.00000e+00  0.00000e+00  0.00000e+00  0.00000e+00  2.92871e-11  0.00000e+00  0.00000e+00
1.874623446e+00  2.47225e-05  2.47225e-05  2.43378e-05  0.00000e+00  3.84670e-07  0.00000e+00  0.00000e+00  0.00000e+00  0.00000e+00  0.00000e+00  1.89149e-12  0.00000e+00  3.58417e-13
1.893369681e+00  2.38184e-05  2.38184e-05  2.31095e-05  0.00000e+00  7.08900e-07  0.00000e+00  0.00000e+00  3.48614e-13  0.00000e+00  0.00000e+00  1.11422e-12  0.00000e+00  5.45480e-12
1.912303377e+00  2.32343e-05  2.32343e-05  2.27898e-05  0.00000e+00  4.44446e-07  0.00000e+00  0.00000e+00  1.31566e-11  0.00000e+00  0.00000e+00  3.21698e-13  0.00000e+00  4.53142e-12
1.931426411e+00  2.21969e-05  2.21969e-05  2.21374e-05  0.00000e+00  5.93874e-08  0.00000e+00  0.00000e+00  9.58124e-11  0.00000e+00  0.00000e+00  6.08045e-14  0.00000e+00  2.21786e-13
1.950740675e+00  2.07992e-05  2.07992e-05  2.07716e-05  0.00000e+00  2.53689e-08  0.00000e+00  0.00000e+00  2.14765e-09  0.00000e+00  0.00000e+00  1.12059e-12  0.00000e+00  2.28130e-12
1.970248082e+00  2.06406e-05  2.06406e-05  2.06109e-05  0.00000e+00  2.23358e-08  0.00000e+00  0.00000e+00  7.35346e-09  0.00000e+00  0.00000e+00  1.11218e-12  0.00000e+00  4.13329e-13
1.989950563e+00  1.98466e-05  1.98466e-05  1.98295e-05  0.00000e+00  7.81516e-09  0.00000e+00  0.00000e+00  9.29205e-09  0.00000e+00  0.00000e+00  2.08156e-14  0.00000e+00  2.91437e-17
2.009850068e+00  1.92735e-05  1.92735e-05  1.92678e-05  0.00000e+00  1.25162e-09  0.00000e+00  0.00000e+00  4.42288e-09  0.00000e+00  0.00000e+00  1.46544e-14  0.00000e+00  0.00000e+00
2.029948569e+00  1.86252e-05  1.86252e-05  1.86224e-05  0.00000e+00  8.84812e-10  0.00000e+00  0.00000e+00  1.82524e-09  0.00000e+00  0.00000e+00  6.03273e-14  0.00000e+00  0.00000e+00
2.050248055e+00  1.79384e-05  1.79384e-05  1.79380e-05  0.00000e+00  1.61289e-10  0.00000e+00  0.00000e+00  2.44232e-10  0.00000e+00  0.00000e+00  1.93051e-14  0.00000e+00  0.00000e+00
2.070750535e+00  1.72703e-05  1.72703e-05  1.72702e-05  0.00000e+00  3.30231e-11  0.00000e+00  0.00000e+00  3.74335e-11  0.00000e+00  0.00000e+00  1.98617e-15  0.00000e+00  0.00000e+00
2.091458041e+00  1.67418e-05  1.67418e-05  1.67418e-05  0.00000e+00  4.73915e-12  0.00000e+00  0.00000e+00  2.46654e-12  0.00000e+00  0.00000e+00  2.81371e-15  0.00000e+00  2.83806e-17
2.112372621e+00  1.60912e-05  1.60912e-05  1.60912e-05  0.00000e+00  2.04421e-12  0.00000e+00  7.96240e-16  8.80925e-13  0.00000e+00  0.00000e+00  2.85757e-15  0.00000e+00  4.52654e-15
2.133496347e+00  1.55517e-05  1.55517e-05  1.55517e-05  0.00000e+00  5.43537e-13  0.00000e+00  9.34342e-14  1.70771e-12  0.00000e+00  0.00000e+00  5.30343e-14  0.00000e+00  1.15359e-12
2.154831311e+00  1.50416e-05  1.50416e-05  1.50416e-05  0.00000e+00  4.83499e-13  0.00000e+00  6.71862e-13  4.89044e-12  0.00000e+00  0.00000e+00  1.83773e-14  0.00000e+00  7.63006e-13
2.176379624e+00  1.41888e-05  1.41888e-05  1.41888e-05  0.00000e+00  7.72872e-13  0.00000e+00  2.72695e-11  4.74900e-12  0.00000e+00  0.00000e+00  3.18831e-15  0.00000e+00  4.67069e-17
2.198143420e+00  1.39236e-05  1.39236e-05  1.39236e-05  0.00000e+00  4.07754e-13  0.00000e+00  6.12757e-11  2.28172e-11  0.00000e+00  0.00000e+00  2.06829e-15  0.00000e+00  1.79537e-14
2.220124854e+00  1.34425e-05  1.34425e-05  1.34414e-05  0.00000e+00  5.27207e-13  0.00000e+00  4.96932e-11  1.02248e-09  0.00000e+00  0.00000e+00  4.49667e-16  0.00000e+00  8.78093e-12
2.242326103e+00  1.29962e-05  1.29962e-05  1.29940e-05  0.00000e+00  5.16762e-13  0.00000e+00  1.11308e-11  2.20751e-09  0.00000e+00  0.00000e+00  2.49669e-12  0.00000e+00  9.34757e-12
2.264749364e+00  1.24918e-05  1.24918e-05  1.24887e-05  0.00000e+00  5.19399e-13  0.00000e+00  1.62731e-10  2.92515e-09  0.00000e+00  0.00000e+00  9.72266e-12  0.00000e+00  4.64579e-16
2.287396858e+00  1.20626e-05  1.20626e-05  1.20595e-05  0.00000e+00  4.88308e-13  0.00000e+00  8.65462e-10  2.27523e-09  0.00000e+00  0.00000e+00  1.07408e-12  0.00000e+00  0.00000e+00
2.310270826e+00  1.16526e-05  1.16526e-05  1.16501e-05  0.00000e+00  6.06713e-13  4.74011e-13  1.66271e-09  8.66994e-10  0.00000e+00  0.00000e+00  7.90527e-15  0.00000e+00  0.00000e+00
2.333373534e+00  1.12010e-05  1.12010e-05  1.11996e-05  0.00000e+00  2.57671e-12  5.14329e-10  6.21442e-10  2.88728e-10  0.00000e+00  0.00000e+00  1.01637e-15  0.00000e+00  0.00000e+00
2.356707270e+00  1.08071e-05  1.08071e-05  1.07885e-05  0.00000e+00  2.15881e-11  6.96843e-10  1.76491e-08  1.94570e-10  0.00000e+00  0.00000e+00  2.45893e-13  0.00000e+00  0.00000e+00
2.380274343e+00  1.04453e-05  1.04453e-05  1.04253e-05  0.00000e+00  2.18869e-10  7.38417e-11  1.95702e-08  1.31041e-10  0.00000e+00  0.00000e+00  4.26475e-13  0.00000e+00  9.39760e-16
2.404077086e+00  9.97842e-06  9.97842e-06  9.97689e-06  0.00000e+00  1.17963e-09  7.90137e-12  2.93004e-10  4.76692e-11  0.00000e+00  0.00000e+00  1.79289e-13  0.00000e+00  3.46345e-12
2.428117857e+00  9.66653e-06  9.66653e-06  9.66558e-06  0.00000e+00  5.14705e-10  1.18669e-14  1.45398e-10  4.24356e-11  0.00000e+00  0.00000e+00  5.56763e-14  0.00000e+00  2.50300e-10
2.452399035e+00  9.31879e-06  9.31879e-06  9.31620e-06  0.00000e+00  1.44869e-09  0.00000e+00  3.12708e-11  4.54460e-11  0.00000e+00  0.00000e+00  7.56602e-15  0.00000e+00  1.06538e-09
2.476923026e+00  8.96838e-06  8.96838e-06  8.96644e-06  0.00000e+00  1.86395e-09  0.00000e+00  2.24692e-11  3.38283e-11  0.00000e+00  0.00000e+00  7.84268e-12  0.00000e+00  1.80472e-11
2.501692256e+00  8.59149e-06  8.59149e-06  8.58995e-06  0.00000e+00  1.42103e-09  0.00000e+00  2.57210e-11  4.53959e-11  0.00000e+00  0.00000e+00  5.10876e-11  0.00000e+00  1.66037e-14
2.526709179e+00  8.35831e-06  8.35831e-06  8.35569e-06  0.00000e+00  2.52632e-09  0.00000e+00  5.43374e-11  3.19189e-11  0.00000e+00  0.00000e+00  5.01723e-12  0.00000e+00  2.93506e-16
2.551976270e+00  8.01752e-06  8.01752e-06  8.00188e-06  0.00000e+00  1.55355e-08  0.00000e+00  6.78613e-11  3.12748e-11  0.00000e+00  0.00000e+00  3.07901e-13  0.00000e+00  1.39887e-12
2.577496033e+00  7.92762e-06  7.92762e-06  7.72509e-06  0.00000e+00  2.01145e-07  0.00000e+00  1.34745e-09  2.26030e-11  0.00000e+00  0.00000e+00  1.96224e-12  0.00000e+00  4.98049e-12
2.603270993e+00  1.01993e-05  1.01993e-05  7.44165e-06  0.00000e+00  2.75724e-06  0.00000e+00  3.48553e-10  2.10618e-11  0.00000e+00  0.00000e+00  3.12494e-13  0.00000e+00  4.75201e-13
2.629303703e+00  1.71409e-05  1.71409e-05  7.10847e-06  0.00000e+00  1.00324e-05  0.00000e+00  1.17022e-11  1.09890e-11  0.00000e+00  0.00000e+00  6.39730e-15  0.00000e+00  2.05938e-17
2.655596740e+00  1.71941e-05  1.71941e-05  6.92256e-06  0.00000e+00  1.02715e-05  0.00000e+00  9.18802e-13  4.79204e-12  0.00000e+00  0.00000e+00  4.08952e-14  0.00000e+00  0.00000e+00
2.682152708e+00  1.81776e-05  1.81776e-05  6.70632e-06  0.00000e+00  1.14713e-05  0.00000e+00  5.10294e-13  3.20932e-12  0.00000e+00  0.00000e+00  8.47507e-13  0.00000e+00  0.00000e+00
2.708974235e+00  2.33961e-05  2.33961e-05  6.47366e-06  0.00000e+00  1.69224e-05  0.00000e+00  4.91994e-14  5.91568e-12  0.00000e+00  0.00000e+00  5.14631e-13  0.00000e+00  0.00000e+00
2.736063977e+00  1.52781e-05  1.52781e-05  6.23732e-06  0.00000e+00  9.04077e-06  0.00000e+00  4.29881e-15  7.85100e-12  0.00000e+00  0.00000e+00  2.78187e-14  0.00000e+00  0.00000e+00
2.763424617e+00  8.86593e-06  8.86593e-06  6.00966e-06  0.00000e+00  2.85627e-06  0.00000e+00  6.54850e-16  6.16421e-12  0.00000e+00  0.00000e+00  6.91944e-16  0.00000e+00  0.00000e+00
2.791058863e+00  8.03919e-06  8.03919e-06  5.79214e-06  0.00000e+00  2.24701e-06  0.00000e+00  6.62648e-17  4.68056e-11  0.00000e+00  0.00000e+00  9.71759e-17  0.00000e+00  0.00000e+00
2.818969452e+00  6.83429e-06  6.83429e-06  5.58680e-06  0.00000e+00  1.24694e-06  0.00000e+00  5.79723e-18  5.47867e-10  0.00000e+00  0.00000e+00  2.46904e-13  0.00000e+00  0.00000e+00
2.847159146e+00  7.03231e-06  7.03231e-06  5.38058e-06  0.00000e+00  1.64987e-06  0.00000e+00  0.00000e+00  1.86652e-09  0.00000e+00  0.00000e+00  2.96982e-12  0.00000e+00  0.00000e+00
2.875630738e+00  5.68589e-06  5.68589e-06  5.16987e-06  0.00000e+00  5.11919e-07  0.00000e+00  0.00000e+00  4.10032e-09  0.00000e+00  0.00000e+00  3.15958e-12  0.00000e+00  0.00000e+00
2.904387045e+00  5.32952e-06  5.32952e-06  4.99272e-06  0.00000e+00  3.29865e-07  0.00000e+00  0.00000e+00  6.93226e-09  0.00000e+00  0.00000e+00  1.87982e-13  0.00000e+00  0.00000e+00
2.933430916e+00  5.01432e-06  5.01432e-06  4.80854e-06  0.00000e+00  1.96950e-07  0.00000e+00  0.00000e+00  8.82551e-09  0.00000e+00  0.00000e+00  3.15951e-14  0.00000e+00  0.00000e+00
2.962765225e+00  4.75745e-06  4.75745e-06  4.63575e-06  0.00000e+00  1.14281e-07  0.00000e+00  3.51556e-13  7.39912e-09  0.00000e+00  0.00000e+00  2.37660e-11  0.00000e+00  1.25974e-16
2.992392877e+00  4.57938e-06  4.57938e-06  4.46554e-06  0.00000e+00  5.71080e-08  0.00000e+00  3.49636e-14  1.06234e-08  0.00000e+00  0.00000e+00  4.58643e-08  0.00000e+00  2.36258e-10
3.022316806e+00  4.44414e-06  4.44414e-06  4.30079e-06  0.00000e+00  2.19165e-08  0.00000e+00  9.43261e-13  3.39065e-09  0.00000e+00  0.00000e+00  1.00692e-07  0.00000e+00  1.73466e-08
3.052539974e+00  4.21753e-06  4.21753e-06  4.13682e-06  0.00000e+00  6.75659e-09  0.00000e+00  6.35146e-13  2.95082e-09  0.00000e+00  0.00000e+00  4.08103e-08  0.00000e+00  3.01854e-08
3.083065373e+00  4.00095e-06  4.00095e-06  3.99104e-06  0.00000e+00  2.53418e-09  0.00000e+00  8.21859e-13  3.70303e-09  0.00000e+00  0.00000e+00  9.61432e-10  0.00000e+00  2.71842e-09
3.113896027e+00  3.84781e-06  3.84781e-06  3.84203e-06  0.00000e+00  2.33049e-09  0.00000e+00  3.92185e-12  9.72521e-10  0.00000e+00  0.00000e+00  2.47656e-09  0.00000e+00  1.03863e-12
3.145034987e+00  3.69480e-06  3.69480e-06  3.69087e-06  0.00000e+00  1.44326e-09  0.00000e+00  7.99081e-12  7.10433e-10  0.00000e+00  0.00000e+00  1.77180e-09  8.23499e-18  1.29207e-17
3.176485337e+00  3.56056e-06  3.56056e-06  3.55907e-06  0.00000e+00  1.15631e-09  0.00000e+00  2.44078e-11  2.74828e-10  0.00000e+00  0.00000e+00  3.51679e-11  2.10742e-14  0.00000e+00
3.208250191e+00  3.43744e-06  3.43744e-06  3.43382e-06  0.00000e+00  1.69011e-09  0.00000e+00  1.64614e-09  2.41277e-10  0.00000e+00  0.00000e+00  3.59047e-11  9.37253e-12  0.00000e+00
3.240332693e+00  3.35182e-06  3.35182e-06  3.30748e-06  0.00000e+00  1.98565e-09  0.00000e+00  4.12216e-08  1.18690e-10  6.31489e-11  4.69409e-14  4.42002e-11  9.02302e-10  0.00000e+00
3.272736020e+00  3.39035e-06  3.39035e-06  3.18914e-06  0.00000e+00  1.63753e-09  0.00000e+00  1.80555e-07  6.14561e-11  2.16612e-10  2.60516e-10  6.98524e-12  1.84664e-08  0.00000e+00
3.305463380e+00  3.43605e-06  3.43605e-06  3.05850e-06  0.00000e+00  1.27540e-09  0.00000e+00  2.41156e-07  2.25398e-11  1.27414e-09  3.31368e-08  1.42880e-12  1.00692e-07  0.00000e+00
3.338518014e+00  3.43719e-06  3.43719e-06  2.94098e-06  0.00000e+00  3.91546e-10  0.00000e+00  7.32010e-08  1.09450e-11  2.91879e-09  1.91143e-07  1.67797e-12  2.28544e-07  0.00000e+00
3.371903194e+00  3.14202e-06  3.14202e-06  2.84878e-06  0.00000e+00  1.04922e-10  0.00000e+00  6.05734e-08  3.10257e-12  2.15610e-09  1.22865e-07  3.15806e-13  1.07534e-07  0.00000e+00
3.405622226e+00  2.76803e-06  2.76803e-06  2.73438e-06  0.00000e+00  7.14632e-11  0.00000e+00  6.70547e-09  1.02503e-12  2.19989e-09  8.10449e-09  6.93540e-15  1.65704e-08  0.00000e+00
3.439678448e+00  2.71434e-06  2.71434e-06  2.64444e-06  0.00000e+00  1.79739e-11  0.00000e+00  7.24881e-10  1.47880e-11  7.41475e-09  6.12670e-08  7.52154e-15  4.65123e-10  0.00000e+00
3.474075232e+00  2.63826e-06  2.63826e-06  2.55417e-06  0.00000e+00  5.91758e-12  0.00000e+00  6.36144e-10  1.05503e-10  2.47391e-08  4.40721e-08  5.06073e-15  1.45296e-08  0.00000e+00
3.508815985e+00  2.67704e-06  2.67704e-06  2.46179e-06  0.00000e+00  3.04231e-12  0.00000e+00  8.32833e-10  1.17291e-10  1.95864e-08  3.12469e-11  1.98726e-12  1.94675e-07  0.00000e+00
3.543904145e+00  2.53547e-06  2.53547e-06  2.37052e-06  0.00000e+00  1.89215e-12  0.00000e+00  1.11092e-09  1.36298e-10  4.14424e-08  2.32100e-13  3.84139e-11  1.22217e-07  0.00000e+00
3.579343186e+00  2.35882e-06  2.35882e-06  2.29481e-06  0.00000e+00  7.58796e-13  0.00000e+00  7.59258e-10  1.40085e-10  6.27330e-08  1.79514e-15  9.45393e-11  2.80857e-10  0.00000e+00
3.615136618e+00  2.26916e-06  2.26916e-06  2.21823e-06  0.00000e+00  5.81804e-13  0.00000e+00  4.82065e-10  5.91845e-11  5.03788e-08  0.00000e+00  1.02707e-11  0.00000e+00  2.88582e-16
3.651287984e+00  2.14872e-06  2.14872e-06  2.13927e-06  0.00000e+00  9.41202e-13  0.00000e+00  1.48735e-10  5.21465e-11  9.24743e-09  0.00000e+00  3.32617e-13  0.00000e+00  1.64965e-12
3.687800864e+00  2.06795e-06  2.06795e-06  2.06212e-06  0.00000e+00  1.76478e-12  0.00000e+00  4.44098e-11  2.27238e-11  5.67123e-09  0.00000e+00  5.76766e-15  0.00000e+00  9.18877e-11
3.724678873e+00  2.00676e-06  2.00676e-06  2.00074e-06  0.00000e+00  1.00076e-12  0.00000e+00  5.98492e-11  6.72852e-12  5.47016e-09  0.00000e+00  5.49872e-16  0.00000e+00  4.79877e-10
3.761925661e+00  1.94068e-06  1.94068e-06  1.93766e-06  0.00000e+00  4.79548e-12  0.00000e+00  6.62465e-11  1.06489e-11  2.51137e-09  0.00000e+00  5.83948e-13  0.00000e+00  4.24035e-10
3.799544918e+00  1.88856e-06  1.88856e-06  1.88783e-06  0.00000e+00  1.22120e-11  0.00000e+00  8.91631e-11  3.48772e-11  3.34667e-10  0.00000e+00  2.47955e-10  0.00000e+00  1.71924e-11
3.837540367e+00  1.83721e-06  1.83721e-06  1.83410e-06  0.00000e+00  7.67659e-12  0.00000e+00  1.52488e-10  1.42470e-10  5.71663e-11  0.00000e+00  2.74547e-09  0.00000e+00  1.16111e-14
3.875915771e+00  1.76611e-06  1.76611e-06  1.76443e-06  0.00000e+00  4.73369e-12  0.00000e+00  1.02903e-10  3.10214e-10  0.00000e+00  0.00000e+00  1.26295e-09  0.00000e+00  1.69246e-15
3.914674928e+00  1.70947e-06  1.70947e-06  1.70861e-06  0.00000e+00  1.06147e-11  0.00000e+00  8.22601e-11  6.27527e-10  0.00000e+00  0.00000e+00  1.30449e-10  0.00000e+00  2.17674e-15
3.953821678e+00  1.69329e-06  1.69329e-06  1.69251e-06  0.00000e+00  8.68788e-12  0.00000e+00  1.10303e-10  6.45951e-10  0.00000e+00  0.00000e+00  1.73951e-11  0.00000e+00  6.24182e-16
3.993359894e+00  1.64559e-06  1.64559e-06  1.64453e-06  0.00000e+00  7.82499e-12  0.00000e+00  8.14826e-11  8.83000e-10  0.00000e+00  0.00000e+00  8.69565e-11  0.00000e+00  3.21003e-19
4.033293493e+00  1.61999e-06  1.61999e-06  1.61890e-06  0.00000e+00  6.69931e-12  0.00000e+00  7.93156e-11  9.86300e-10  0.00000e+00  0.00000e+00  1.14659e-11  0.00000e+00  0.00000e+00
4.073626428e+00  1.58645e-06  1.58645e-06  1.58568e-06  0.00000e+00  4.95292e-12  0.00000e+00  6.57146e-11  6.98060e-10  0.00000e+00  0.00000e+00  5.21633e-13  0.00000e+00  0.00000e+00
4.114362693e+00  1.57893e-06  1.57893e-06  1.57825e-06  0.00000e+00  9.72627e-12  0.00000e+00  3.34536e-11  6.29977e-10  0.00000e+00  0.00000e+00  1.24252e-12  0.00000e+00  0.00000e+00
4.155506320e+00  1.56379e-06  1.56379e-06  1.56345e-06  0.00000e+00  6.48364e-12  0.00000e+00  4.35665e-12  3.29587e-10  0.00000e+00  0.00000e+00  6.20269e-13  0.00000e+00  0.00000e+00
4.197061383e+00  1.55343e-06  1.55343e-06  1.55326e-06  0.00000e+00  2.59234e-11  0.00000e+00  6.16421e-13  1.50781e-10  0.00000e+00  0.00000e+00  6.76997e-14  0.00000e+00  0.00000e+00
4.239031997e+00  1.54618e-06  1.54618e-06  1.54606e-06  0.00000e+00  5.92283e-11  0.00000e+00  2.79342e-16  5.94834e-11  0.00000e+00  0.00000e+00  1.97932e-15  0.00000e+00  0.00000e+00
4.281422317e+00  1.55380e-06  1.55380e-06  1.55359e-06  0.00000e+00  1.73006e-10  0.00000e+00  1.16696e-17  3.25679e-11  0.00000e+00  0.00000e+00  1.26967e-15  0.00000e+00  0.00000e+00
4.324236540e+00  1.54599e-06  1.54599e-06  1.54586e-06  0.00000e+00  1.05076e-10  0.00000e+00  0.00000e+00  2.72106e-11  0.00000e+00  0.00000e+00  1.22877e-15  0.00000e+00  0.00000e+00
4.367478905e+00  1.55477e-06  1.55477e-06  1.55390e-06  0.00000e+00  8.46292e-10  0.00000e+00  0.00000e+00  1.94873e-11  0.00000e+00  0.00000e+00  4.73735e-16  0.00000e+00  0.00000e+00
4.411153694e+00  1.58046e-06  1.58046e-06  1.57405e-06  0.00000e+00  6.39131e-09  0.00000e+00  0.00000e+00  1.44536e-11  0.00000e+00  0.00000e+00  2.27300e-16  0.00000e+00  0.00000e+00
4.455265231e+00  1.62821e-06  1.62821e-06  1.60266e-06  0.00000e+00  2.55406e-08  0.00000e+00  0.00000e+00  1.19670e-11  0.00000e+00  0.00000e+00  1.97765e-16  0.00000e+00  7.83315e-19
4.499817883e+00  1.68218e-06  1.68218e-06  1.63812e-06  0.00000e+00  4.40474e-08  1.44005e-12  0.00000e+00  7.97680e-12  0.00000e+00  0.00000e+00  2.21178e-16  0.00000e+00  5.71835e-15
4.544816062e+00  1.74956e-06  1.74956e-06  1.68592e-06  0.00000e+00  6.08920e-08  2.73727e-09  0.00000e+00  9.21426e-12  0.00000e+00  0.00000e+00  7.31702e-17  0.00000e+00  6.39820e-13
4.590264223e+00  1.89658e-06  1.89658e-06  1.74604e-06  0.00000e+00  2.29811e-08  1.27543e-07  0.00000e+00  6.46746e-12  0.00000e+00  0.00000e+00  1.20690e-17  0.00000e+00  9.41115e-12
4.636166865e+00  2.30911e-06  2.30911e-06  1.81496e-06  0.00000e+00  5.93229e-08  4.34824e-07  0.00000e+00  3.57333e-12  0.00000e+00  0.00000e+00  5.16898e-15  0.00000e+00  2.31050e-12
4.682528534e+00  2.30857e-06  2.30857e-06  1.89457e-06  0.00000e+00  6.79431e-08  3.46054e-07  0.00000e+00  5.02577e-12  0.00000e+00  0.00000e+00  2.65852e-13  0.00000e+00  5.71538e-13
4.729353819e+00  2.41072e-06  2.41072e-06  1.98974e-06  0.00000e+00  7.99571e-08  3.41008e-07  0.00000e+00  7.91437e-12  0.00000e+00  0.00000e+00  4.21021e-12  0.00000e+00  9.22306e-13
4.776647357e+00  2.22354e-06  2.22354e-06  2.09347e-06  0.00000e+00  8.21724e-08  4.78716e-08  0.00000e+00  1.18249e-11  0.00000e+00  0.00000e+00  1.25697e-11  0.00000e+00  1.36973e-12
4.824413831e+00  2.27797e-06  2.27797e-06  2.20900e-06  0.00000e+00  6.68503e-08  2.07573e-09  0.00000e+00  1.32631e-11  0.00000e+00  0.00000e+00  2.94871e-11  0.00000e+00  2.30770e-12
4.872657969e+00  2.36015e-06  2.36015e-06  2.33969e-06  0.00000e+00  2.04101e-08  4.04851e-11  0.00000e+00  7.52704e-12  0.00000e+00  0.00000e+00  3.65422e-12  0.00000e+00  2.13152e-13
4.921384549e+00  2.53083e-06  2.53083e-06  2.48156e-06  0.00000e+00  4.92472e-08  2.34118e-13  0.00000e+00  2.13527e-11  0.00000e+00  0.00000e+00  8.41906e-14  0.00000e+00  1.15996e-15
4.970598394e+00  2.70297e-06  2.70297e-06  2.64010e-06  0.00000e+00  6.28574e-08  1.07626e-15  0.00000e+00  9.02006e-12  0.00000e+00  0.00000e+00  3.23821e-15  0.00000e+00  5.61753e-16
5.020304378e+00  2.83682e-06  2.83682e-06  2.81354e-06  0.00000e+00  2.32701e-08  0.00000e+00  7.78118e-19  8.19940e-12  0.00000e+00  0.00000e+00  8.29835e-17  0.00000e+00  8.07304e-15
5.070507422e+00  3.02592e-06  3.02592e-06  3.00416e-06  0.00000e+00  2.17515e-08  0.00000e+00  4.59848e-17  1.20301e-11  0.00000e+00  0.00000e+00  5.27165e-17  0.00000e+00  2.48827e-14
5.121212496e+00  3.24850e-06  3.24850e-06  3.21070e-06  0.00000e+00  3.77863e-08  0.00000e+00  3.98399e-16  9.51786e-12  0.00000e+00  0.00000e+00  1.32400e-14  0.00000e+00  5.93924e-14
5.172424621e+00  3.44822e-06  3.44822e-06  3.43812e-06  0.00000e+00  1.00761e-08  0.00000e+00  3.25905e-15  2.04493e-11  0.00000e+00  0.00000e+00  2.51490e-12  0.00000e+00  2.14469e-14
5.224148867e+00  3.69803e-06  3.69803e-06  3.68300e-06  0.00000e+00  1.49527e-08  0.00000e+00  2.12257e-14  6.53245e-11  0.00000e+00  0.00000e+00  1.42267e-11  0.00000e+00  2.77677e-15
5.276390356e+00  3.95281e-06  3.95281e-06  3.94802e-06  0.00000e+00  4.60534e-09  0.00000e+00  9.54199e-14  1.79602e-10  0.00000e+00  0.00000e+00  9.40067e-12  0.00000e+00  2.54750e-17
